000000 0.250 0.250 0.250 0.250
000500 0.014 0.672 0.000 0.314
001000 0.014 0.680 0.000 0.306
001500 0.014 0.682 0.000 0.304
002000 0.014 0.686 0.000 0.300
002500 0.014 0.691 0.000 0.295
003000 0.014 0.697 0.000 0.289
003500 0.014 0.701 0.000 0.285
004000 0.014 0.704 0.000 0.282
004500 0.014 0.706 0.000 0.280
005000 0.014 0.708 0.000 0.278
005500 0.014 0.710 0.000 0.276
006000 0.014 0.714 0.000 0.272
006500 0.014 0.717 0.000 0.269
007000 0.014 0.719 0.000 0.267
007500 0.014 0.721 0.000 0.265
008000 0.014 0.726 0.000 0.260
008500 0.014 0.727 0.000 0.259
009000 0.014 0.729 0.000 0.257
009500 0.014 0.733 0.000 0.253
010000 0.014 0.735 0.000 0.251
