000000 0.250 0.250 0.250 0.250
000500 0.260 0.408 0.000 0.332
001000 0.252 0.421 0.000 0.327
001500 0.249 0.429 0.000 0.322
002000 0.246 0.435 0.000 0.318
002500 0.246 0.439 0.000 0.315
003000 0.245 0.442 0.000 0.313
003500 0.244 0.446 0.000 0.311
004000 0.243 0.446 0.000 0.310
004500 0.243 0.447 0.000 0.309
005000 0.242 0.450 0.000 0.308
005500 0.241 0.452 0.000 0.307
006000 0.242 0.451 0.000 0.307
006500 0.239 0.454 0.000 0.307
007000 0.240 0.454 0.000 0.306
007500 0.239 0.455 0.000 0.306
008000 0.239 0.455 0.000 0.306
008500 0.239 0.457 0.000 0.305
009000 0.238 0.456 0.000 0.305
009500 0.239 0.456 0.000 0.305
010000 0.238 0.457 0.000 0.305
