000000 0.250 0.250 0.250 0.250
000500 0.308 0.391 0.000 0.301
001000 0.306 0.393 0.000 0.300
001500 0.306 0.395 0.000 0.299
002000 0.304 0.399 0.000 0.298
002500 0.303 0.399 0.000 0.298
003000 0.303 0.400 0.000 0.297
003500 0.303 0.401 0.000 0.296
004000 0.303 0.400 0.000 0.297
004500 0.303 0.400 0.000 0.297
005000 0.304 0.399 0.000 0.297
005500 0.304 0.399 0.000 0.297
006000 0.304 0.400 0.000 0.296
006500 0.304 0.400 0.000 0.296
007000 0.304 0.401 0.000 0.296
007500 0.304 0.401 0.000 0.295
008000 0.304 0.402 0.000 0.295
008500 0.303 0.403 0.000 0.295
009000 0.303 0.403 0.000 0.295
009500 0.303 0.403 0.000 0.294
010000 0.303 0.403 0.000 0.294
