000000 0.250 0.250 0.250 0.250
000500 0.061 0.517 0.000 0.422
001000 0.061 0.520 0.000 0.419
001500 0.061 0.523 0.000 0.416
002000 0.061 0.525 0.000 0.414
002500 0.061 0.529 0.000 0.410
003000 0.061 0.532 0.000 0.407
003500 0.061 0.534 0.000 0.405
004000 0.061 0.535 0.000 0.404
004500 0.061 0.536 0.000 0.403
005000 0.061 0.540 0.000 0.399
005500 0.061 0.541 0.000 0.398
006000 0.061 0.544 0.000 0.395
006500 0.061 0.545 0.000 0.394
007000 0.061 0.547 0.000 0.392
007500 0.061 0.549 0.000 0.390
008000 0.061 0.550 0.000 0.389
008500 0.061 0.552 0.000 0.387
009000 0.061 0.553 0.000 0.386
009500 0.061 0.554 0.000 0.385
010000 0.061 0.556 0.000 0.384
