000000 0.250 0.250 0.250 0.250
000500 0.223 0.430 0.000 0.347
001000 0.210 0.447 0.000 0.343
001500 0.204 0.458 0.000 0.337
002000 0.198 0.466 0.000 0.336
002500 0.193 0.474 0.000 0.333
003000 0.190 0.479 0.000 0.331
003500 0.188 0.486 0.000 0.326
004000 0.190 0.485 0.000 0.325
004500 0.185 0.492 0.000 0.322
005000 0.184 0.494 0.000 0.322
005500 0.183 0.498 0.000 0.319
006000 0.182 0.500 0.000 0.318
006500 0.181 0.502 0.000 0.317
007000 0.183 0.501 0.000 0.316
007500 0.181 0.504 0.000 0.315
008000 0.182 0.506 0.000 0.312
008500 0.182 0.506 0.000 0.312
009000 0.180 0.509 0.000 0.312
009500 0.181 0.509 0.000 0.310
010000 0.182 0.509 0.000 0.309
