000000 0.250 0.250 0.250 0.250
000500 0.029 0.666 0.000 0.305
001000 0.025 0.687 0.000 0.288
001500 0.023 0.699 0.000 0.278
002000 0.022 0.708 0.000 0.270
002500 0.022 0.714 0.000 0.265
003000 0.022 0.721 0.000 0.257
003500 0.021 0.730 0.000 0.250
004000 0.021 0.737 0.000 0.242
004500 0.021 0.741 0.000 0.238
005000 0.021 0.748 0.000 0.231
005500 0.020 0.752 0.000 0.228
006000 0.020 0.759 0.000 0.221
006500 0.020 0.766 0.000 0.214
007000 0.020 0.768 0.000 0.212
007500 0.020 0.772 0.000 0.208
008000 0.020 0.776 0.000 0.204
008500 0.020 0.778 0.000 0.202
009000 0.020 0.781 0.000 0.199
009500 0.020 0.782 0.000 0.198
010000 0.020 0.785 0.000 0.195
