000000 0.250 0.250 0.250 0.250
000500 0.818 0.025 0.007 0.150
001000 0.372 0.010 0.353 0.265
001500 0.409 0.004 0.346 0.241
002000 0.402 0.000 0.341 0.257
002500 0.409 0.000 0.325 0.267
003000 0.408 0.000 0.337 0.255
003500 0.397 0.000 0.336 0.268
004000 0.391 0.000 0.351 0.257
004500 0.394 0.000 0.328 0.277
005000 0.393 0.000 0.343 0.263
005500 0.389 0.000 0.354 0.257
006000 0.379 0.000 0.346 0.275
006500 0.395 0.000 0.339 0.265
007000 0.404 0.000 0.351 0.245
007500 0.412 0.000 0.320 0.268
008000 0.392 0.000 0.341 0.267
008500 0.390 0.000 0.347 0.263
009000 0.375 0.000 0.353 0.272
009500 0.380 0.000 0.351 0.269
010000 0.399 0.000 0.333 0.269
