000000 0.250 0.250 0.250 0.250
000500 0.113 0.348 0.078 0.461
001000 0.036 0.661 0.115 0.187
001500 0.032 0.817 0.114 0.037
002000 0.028 0.863 0.107 0.002
002500 0.036 0.838 0.125 0.000
003000 0.030 0.853 0.117 0.000
003500 0.026 0.859 0.116 0.000
004000 0.024 0.855 0.121 0.000
004500 0.025 0.865 0.110 0.000
005000 0.032 0.836 0.132 0.000
005500 0.034 0.856 0.110 0.000
006000 0.027 0.856 0.117 0.000
006500 0.033 0.834 0.133 0.000
007000 0.032 0.853 0.115 0.000
007500 0.035 0.855 0.110 0.000
008000 0.030 0.844 0.126 0.000
008500 0.044 0.834 0.122 0.000
009000 0.044 0.835 0.121 0.000
009500 0.050 0.839 0.111 0.000
010000 0.049 0.846 0.105 0.000
