000000 0.250 0.250 0.250 0.250
000500 0.235 0.420 0.000 0.346
001000 0.206 0.458 0.000 0.337
001500 0.196 0.471 0.000 0.333
002000 0.190 0.482 0.000 0.328
002500 0.182 0.491 0.000 0.326
003000 0.180 0.496 0.000 0.324
003500 0.177 0.503 0.000 0.320
004000 0.173 0.511 0.000 0.316
004500 0.172 0.513 0.000 0.314
005000 0.172 0.516 0.000 0.312
005500 0.170 0.519 0.000 0.311
006000 0.170 0.520 0.000 0.310
006500 0.166 0.526 0.000 0.309
007000 0.169 0.524 0.000 0.307
007500 0.170 0.523 0.000 0.307
008000 0.166 0.527 0.000 0.307
008500 0.166 0.527 0.000 0.307
009000 0.165 0.528 0.000 0.307
009500 0.169 0.526 0.000 0.305
010000 0.169 0.528 0.000 0.303
