000000 0.250 0.250 0.250 0.250
000500 0.084 0.476 0.000 0.440
001000 0.084 0.482 0.000 0.434
001500 0.084 0.484 0.000 0.433
002000 0.084 0.487 0.000 0.429
002500 0.084 0.489 0.000 0.427
003000 0.084 0.492 0.000 0.424
003500 0.084 0.494 0.000 0.422
004000 0.084 0.497 0.000 0.420
004500 0.084 0.499 0.000 0.418
005000 0.084 0.500 0.000 0.416
005500 0.084 0.502 0.000 0.415
006000 0.084 0.503 0.000 0.413
006500 0.084 0.506 0.000 0.411
007000 0.084 0.507 0.000 0.410
007500 0.084 0.508 0.000 0.409
008000 0.084 0.509 0.000 0.408
008500 0.084 0.508 0.000 0.408
009000 0.084 0.511 0.000 0.405
009500 0.084 0.512 0.000 0.405
010000 0.084 0.512 0.000 0.404
