000000 0.250 0.250 0.250 0.250
000500 0.072 0.567 0.000 0.361
001000 0.064 0.594 0.000 0.342
001500 0.062 0.604 0.000 0.334
002000 0.060 0.614 0.000 0.326
002500 0.060 0.623 0.000 0.317
003000 0.059 0.631 0.000 0.310
003500 0.059 0.634 0.000 0.306
004000 0.058 0.636 0.000 0.305
004500 0.058 0.641 0.000 0.301
005000 0.059 0.644 0.000 0.297
005500 0.059 0.648 0.000 0.293
006000 0.059 0.650 0.000 0.291
006500 0.058 0.656 0.000 0.285
007000 0.058 0.659 0.000 0.282
007500 0.057 0.661 0.000 0.282
008000 0.058 0.662 0.000 0.281
008500 0.058 0.663 0.000 0.279
009000 0.058 0.665 0.000 0.277
009500 0.058 0.669 0.000 0.273
010000 0.058 0.673 0.000 0.270
