000000 0.250 0.250 0.250 0.250
000500 0.748 0.002 0.152 0.099
001000 0.723 0.000 0.179 0.098
001500 0.719 0.000 0.186 0.095
002000 0.714 0.000 0.191 0.095
002500 0.706 0.000 0.193 0.101
003000 0.718 0.000 0.180 0.103
003500 0.710 0.000 0.190 0.100
004000 0.712 0.000 0.190 0.098
004500 0.708 0.000 0.193 0.099
005000 0.715 0.000 0.181 0.104
005500 0.711 0.000 0.191 0.098
006000 0.708 0.000 0.190 0.102
006500 0.739 0.000 0.171 0.090
007000 0.705 0.000 0.191 0.104
007500 0.704 0.000 0.181 0.115
008000 0.717 0.000 0.185 0.099
008500 0.725 0.000 0.183 0.092
009000 0.717 0.000 0.180 0.103
009500 0.720 0.000 0.182 0.098
010000 0.717 0.000 0.189 0.094
