000000 0.250 0.250 0.250 0.250
000500 0.035 0.623 0.000 0.343
001000 0.034 0.633 0.000 0.333
001500 0.034 0.639 0.000 0.327
002000 0.034 0.647 0.000 0.319
002500 0.034 0.654 0.000 0.312
003000 0.034 0.659 0.000 0.307
003500 0.034 0.666 0.000 0.301
004000 0.034 0.672 0.000 0.294
004500 0.034 0.678 0.000 0.288
005000 0.034 0.681 0.000 0.285
005500 0.034 0.686 0.000 0.280
006000 0.034 0.690 0.000 0.276
006500 0.034 0.695 0.000 0.271
007000 0.034 0.700 0.000 0.266
007500 0.034 0.703 0.000 0.263
008000 0.034 0.707 0.000 0.259
008500 0.034 0.710 0.000 0.256
009000 0.034 0.713 0.000 0.253
009500 0.034 0.715 0.000 0.251
010000 0.034 0.717 0.000 0.249
