000000 0.250 0.250 0.250 0.250
000500 0.344 0.351 0.000 0.305
001000 0.341 0.359 0.000 0.300
001500 0.339 0.365 0.000 0.296
002000 0.335 0.370 0.000 0.294
002500 0.334 0.373 0.000 0.294
003000 0.333 0.375 0.000 0.292
003500 0.333 0.374 0.000 0.292
004000 0.331 0.377 0.000 0.292
004500 0.331 0.377 0.000 0.292
005000 0.331 0.377 0.000 0.292
005500 0.329 0.379 0.000 0.292
006000 0.327 0.381 0.000 0.292
006500 0.327 0.381 0.000 0.292
007000 0.328 0.382 0.000 0.291
007500 0.328 0.380 0.000 0.291
008000 0.328 0.381 0.000 0.291
008500 0.326 0.383 0.000 0.291
009000 0.326 0.384 0.000 0.290
009500 0.324 0.386 0.000 0.291
010000 0.322 0.387 0.000 0.290
