000000 0.250 0.250 0.250 0.250
000500 0.611 0.165 0.000 0.224
001000 0.604 0.168 0.000 0.227
001500 0.608 0.165 0.000 0.227
002000 0.607 0.166 0.000 0.227
002500 0.608 0.165 0.000 0.228
003000 0.609 0.164 0.000 0.228
003500 0.608 0.164 0.000 0.228
004000 0.609 0.163 0.000 0.228
004500 0.609 0.162 0.000 0.228
005000 0.610 0.161 0.000 0.229
005500 0.611 0.160 0.000 0.228
006000 0.613 0.159 0.000 0.229
006500 0.613 0.159 0.000 0.228
007000 0.613 0.158 0.000 0.229
007500 0.614 0.157 0.000 0.229
008000 0.613 0.158 0.000 0.229
008500 0.612 0.160 0.000 0.228
009000 0.614 0.158 0.000 0.228
009500 0.613 0.159 0.000 0.227
010000 0.612 0.160 0.000 0.228
