000000 0.250 0.250 0.250 0.250
000500 0.082 0.575 0.000 0.342
001000 0.080 0.587 0.000 0.333
001500 0.080 0.594 0.000 0.326
002000 0.080 0.601 0.000 0.319
002500 0.080 0.606 0.000 0.315
003000 0.080 0.610 0.000 0.310
003500 0.080 0.615 0.000 0.305
004000 0.080 0.620 0.000 0.300
004500 0.080 0.625 0.000 0.296
005000 0.080 0.629 0.000 0.292
005500 0.080 0.632 0.000 0.289
006000 0.080 0.635 0.000 0.285
006500 0.080 0.638 0.000 0.282
007000 0.080 0.640 0.000 0.281
007500 0.080 0.641 0.000 0.280
008000 0.080 0.641 0.000 0.279
008500 0.080 0.643 0.000 0.278
009000 0.080 0.645 0.000 0.276
009500 0.080 0.647 0.000 0.273
010000 0.080 0.649 0.000 0.272
