000000 0.250 0.250 0.250 0.250
000500 0.187 0.457 0.000 0.356
001000 0.177 0.469 0.000 0.354
001500 0.173 0.477 0.000 0.351
002000 0.171 0.482 0.000 0.347
002500 0.170 0.486 0.000 0.344
003000 0.168 0.490 0.000 0.342
003500 0.167 0.494 0.000 0.340
004000 0.165 0.496 0.000 0.339
004500 0.165 0.499 0.000 0.336
005000 0.165 0.499 0.000 0.336
005500 0.164 0.505 0.000 0.331
006000 0.165 0.506 0.000 0.330
006500 0.164 0.507 0.000 0.329
007000 0.166 0.506 0.000 0.329
007500 0.166 0.506 0.000 0.329
008000 0.165 0.506 0.000 0.329
008500 0.164 0.508 0.000 0.329
009000 0.164 0.508 0.000 0.328
009500 0.164 0.509 0.000 0.327
010000 0.164 0.510 0.000 0.326
