000000 0.250 0.250 0.250 0.250
000500 0.010 0.756 0.000 0.234
001000 0.010 0.773 0.000 0.217
001500 0.010 0.779 0.000 0.211
002000 0.009 0.785 0.000 0.206
002500 0.009 0.792 0.000 0.199
003000 0.010 0.797 0.000 0.194
003500 0.009 0.802 0.000 0.189
004000 0.009 0.806 0.000 0.184
004500 0.009 0.810 0.000 0.181
005000 0.009 0.813 0.000 0.177
005500 0.009 0.816 0.000 0.174
006000 0.009 0.819 0.000 0.171
006500 0.009 0.823 0.000 0.168
007000 0.009 0.825 0.000 0.165
007500 0.009 0.829 0.000 0.161
008000 0.009 0.832 0.000 0.159
008500 0.009 0.835 0.000 0.155
009000 0.009 0.839 0.000 0.151
009500 0.009 0.840 0.000 0.150
010000 0.009 0.842 0.000 0.148
