000000 0.250 0.250 0.250 0.250
000500 0.014 0.691 0.000 0.296
001000 0.014 0.696 0.000 0.290
001500 0.014 0.698 0.000 0.288
002000 0.014 0.700 0.000 0.286
002500 0.014 0.703 0.000 0.283
003000 0.014 0.707 0.000 0.280
003500 0.014 0.711 0.000 0.275
004000 0.014 0.715 0.000 0.272
004500 0.014 0.718 0.000 0.268
005000 0.014 0.720 0.000 0.266
005500 0.014 0.723 0.000 0.263
006000 0.014 0.725 0.000 0.261
006500 0.014 0.728 0.000 0.258
007000 0.014 0.733 0.000 0.253
007500 0.014 0.735 0.000 0.251
008000 0.014 0.736 0.000 0.250
008500 0.014 0.738 0.000 0.248
009000 0.014 0.740 0.000 0.246
009500 0.013 0.741 0.000 0.245
010000 0.013 0.744 0.000 0.243
