000000 0.250 0.250 0.250 0.250
000500 0.102 0.476 0.000 0.422
001000 0.102 0.478 0.000 0.420
001500 0.102 0.481 0.000 0.417
002000 0.102 0.482 0.000 0.416
002500 0.102 0.482 0.000 0.415
003000 0.102 0.482 0.000 0.416
003500 0.102 0.484 0.000 0.414
004000 0.102 0.486 0.000 0.412
004500 0.102 0.488 0.000 0.409
005000 0.102 0.490 0.000 0.408
005500 0.102 0.491 0.000 0.407
006000 0.102 0.491 0.000 0.406
006500 0.102 0.493 0.000 0.405
007000 0.102 0.494 0.000 0.403
007500 0.102 0.496 0.000 0.402
008000 0.102 0.496 0.000 0.401
008500 0.102 0.498 0.000 0.400
009000 0.102 0.498 0.000 0.400
009500 0.102 0.499 0.000 0.398
010000 0.102 0.500 0.000 0.398
