000000 0.250 0.250 0.250 0.250
000500 0.002 0.916 0.000 0.082
001000 0.002 0.926 0.000 0.072
001500 0.002 0.931 0.000 0.068
002000 0.002 0.933 0.000 0.066
002500 0.002 0.933 0.000 0.065
003000 0.002 0.935 0.000 0.063
003500 0.002 0.937 0.000 0.061
004000 0.002 0.939 0.000 0.060
004500 0.002 0.941 0.000 0.058
005000 0.002 0.942 0.000 0.056
005500 0.002 0.944 0.000 0.054
006000 0.002 0.944 0.000 0.054
006500 0.002 0.945 0.000 0.053
007000 0.002 0.946 0.000 0.053
007500 0.002 0.947 0.000 0.052
008000 0.002 0.949 0.000 0.049
008500 0.002 0.951 0.000 0.047
009000 0.002 0.952 0.000 0.046
009500 0.002 0.952 0.000 0.046
010000 0.002 0.954 0.000 0.044
