000000 0.250 0.250 0.250 0.250
000500 0.027 0.627 0.000 0.346
001000 0.027 0.636 0.000 0.336
001500 0.027 0.642 0.000 0.331
002000 0.027 0.646 0.000 0.327
002500 0.027 0.650 0.000 0.323
003000 0.027 0.653 0.000 0.320
003500 0.027 0.659 0.000 0.314
004000 0.027 0.663 0.000 0.310
004500 0.027 0.666 0.000 0.306
005000 0.027 0.671 0.000 0.302
005500 0.027 0.674 0.000 0.299
006000 0.027 0.677 0.000 0.296
006500 0.027 0.680 0.000 0.292
007000 0.027 0.683 0.000 0.289
007500 0.027 0.686 0.000 0.287
008000 0.027 0.690 0.000 0.283
008500 0.027 0.693 0.000 0.280
009000 0.027 0.695 0.000 0.278
009500 0.027 0.698 0.000 0.275
010000 0.027 0.700 0.000 0.273
