000000 0.250 0.250 0.250 0.250
000500 0.125 0.452 0.000 0.423
001000 0.125 0.455 0.000 0.419
001500 0.125 0.457 0.000 0.418
002000 0.125 0.459 0.000 0.415
002500 0.125 0.461 0.000 0.414
003000 0.125 0.460 0.000 0.414
003500 0.125 0.462 0.000 0.412
004000 0.125 0.463 0.000 0.412
004500 0.125 0.464 0.000 0.411
005000 0.125 0.465 0.000 0.409
005500 0.125 0.466 0.000 0.409
006000 0.125 0.466 0.000 0.408
006500 0.125 0.467 0.000 0.407
007000 0.125 0.467 0.000 0.407
007500 0.125 0.468 0.000 0.406
008000 0.125 0.470 0.000 0.405
008500 0.125 0.469 0.000 0.405
009000 0.125 0.469 0.000 0.406
009500 0.125 0.469 0.000 0.406
010000 0.125 0.469 0.000 0.406
