000000 0.250 0.250 0.250 0.250
000500 0.101 0.479 0.000 0.420
001000 0.101 0.486 0.000 0.413
001500 0.101 0.491 0.000 0.408
002000 0.101 0.493 0.000 0.406
002500 0.101 0.495 0.000 0.404
003000 0.101 0.497 0.000 0.402
003500 0.101 0.502 0.000 0.397
004000 0.101 0.503 0.000 0.396
004500 0.101 0.505 0.000 0.394
005000 0.101 0.507 0.000 0.392
005500 0.101 0.508 0.000 0.391
006000 0.101 0.509 0.000 0.390
006500 0.101 0.509 0.000 0.390
007000 0.101 0.510 0.000 0.389
007500 0.101 0.514 0.000 0.385
008000 0.101 0.514 0.000 0.385
008500 0.101 0.515 0.000 0.384
009000 0.101 0.515 0.000 0.384
009500 0.101 0.516 0.000 0.383
010000 0.101 0.516 0.000 0.382
