000000 0.250 0.250 0.250 0.250
000500 0.006 0.831 0.000 0.164
001000 0.005 0.844 0.000 0.150
001500 0.005 0.850 0.000 0.145
002000 0.005 0.854 0.000 0.140
002500 0.005 0.858 0.000 0.137
003000 0.005 0.863 0.000 0.132
003500 0.005 0.867 0.000 0.128
004000 0.005 0.869 0.000 0.125
004500 0.005 0.871 0.000 0.123
005000 0.005 0.874 0.000 0.121
005500 0.005 0.878 0.000 0.117
006000 0.005 0.881 0.000 0.114
006500 0.005 0.884 0.000 0.111
007000 0.005 0.886 0.000 0.109
007500 0.005 0.887 0.000 0.108
008000 0.005 0.888 0.000 0.107
008500 0.005 0.891 0.000 0.104
009000 0.005 0.894 0.000 0.101
009500 0.005 0.896 0.000 0.099
010000 0.005 0.898 0.000 0.097
