000000 0.250 0.250 0.250 0.250
000500 0.205 0.444 0.000 0.351
001000 0.204 0.447 0.000 0.349
001500 0.203 0.450 0.000 0.347
002000 0.202 0.451 0.000 0.347
002500 0.201 0.452 0.000 0.347
003000 0.201 0.453 0.000 0.346
003500 0.201 0.453 0.000 0.345
004000 0.201 0.454 0.000 0.344
004500 0.201 0.455 0.000 0.344
005000 0.201 0.456 0.000 0.343
005500 0.201 0.456 0.000 0.343
006000 0.201 0.456 0.000 0.342
006500 0.201 0.455 0.000 0.343
007000 0.201 0.456 0.000 0.343
007500 0.201 0.456 0.000 0.342
008000 0.201 0.457 0.000 0.342
008500 0.201 0.456 0.000 0.342
009000 0.201 0.458 0.000 0.341
009500 0.201 0.458 0.000 0.340
010000 0.201 0.458 0.000 0.340
