000000 0.250 0.250 0.250 0.250
000500 0.046 0.556 0.000 0.398
001000 0.046 0.559 0.000 0.394
001500 0.046 0.561 0.000 0.392
002000 0.046 0.567 0.000 0.387
002500 0.046 0.569 0.000 0.385
003000 0.046 0.571 0.000 0.383
003500 0.046 0.575 0.000 0.378
004000 0.046 0.577 0.000 0.377
004500 0.046 0.579 0.000 0.375
005000 0.046 0.581 0.000 0.373
005500 0.046 0.582 0.000 0.371
006000 0.046 0.582 0.000 0.372
006500 0.046 0.585 0.000 0.369
007000 0.046 0.588 0.000 0.366
007500 0.046 0.588 0.000 0.365
008000 0.046 0.589 0.000 0.365
008500 0.046 0.591 0.000 0.362
009000 0.046 0.592 0.000 0.362
009500 0.046 0.592 0.000 0.362
010000 0.046 0.592 0.000 0.362
