000000 0.250 0.250 0.250 0.250
000500 0.095 0.584 0.000 0.321
001000 0.079 0.612 0.000 0.309
001500 0.073 0.632 0.000 0.295
002000 0.069 0.649 0.000 0.282
002500 0.066 0.664 0.000 0.270
003000 0.065 0.671 0.000 0.263
003500 0.066 0.677 0.000 0.257
004000 0.059 0.688 0.000 0.252
004500 0.060 0.692 0.000 0.248
005000 0.059 0.696 0.000 0.245
005500 0.060 0.700 0.000 0.240
006000 0.058 0.706 0.000 0.236
006500 0.057 0.711 0.000 0.232
007000 0.060 0.713 0.000 0.227
007500 0.056 0.719 0.000 0.225
008000 0.056 0.723 0.000 0.221
008500 0.058 0.723 0.000 0.219
009000 0.056 0.727 0.000 0.218
009500 0.055 0.730 0.000 0.215
010000 0.052 0.736 0.000 0.212
