000000 0.250 0.250 0.250 0.250
000500 0.212 0.417 0.000 0.371
001000 0.197 0.439 0.000 0.364
001500 0.190 0.449 0.000 0.361
002000 0.186 0.457 0.000 0.357
002500 0.181 0.466 0.000 0.353
003000 0.180 0.470 0.000 0.350
003500 0.178 0.475 0.000 0.347
004000 0.176 0.479 0.000 0.345
004500 0.175 0.482 0.000 0.343
005000 0.176 0.481 0.000 0.344
005500 0.174 0.486 0.000 0.340
006000 0.173 0.489 0.000 0.337
006500 0.174 0.491 0.000 0.336
007000 0.172 0.494 0.000 0.334
007500 0.171 0.496 0.000 0.334
008000 0.170 0.498 0.000 0.332
008500 0.169 0.501 0.000 0.330
009000 0.169 0.502 0.000 0.329
009500 0.170 0.501 0.000 0.329
010000 0.170 0.502 0.000 0.328
