000000 0.250 0.250 0.250 0.250
000500 0.016 0.703 0.000 0.281
001000 0.015 0.713 0.000 0.271
001500 0.015 0.719 0.000 0.266
002000 0.015 0.723 0.000 0.261
002500 0.015 0.727 0.000 0.257
003000 0.015 0.733 0.000 0.252
003500 0.015 0.736 0.000 0.249
004000 0.015 0.740 0.000 0.244
004500 0.015 0.745 0.000 0.240
005000 0.015 0.748 0.000 0.237
005500 0.015 0.751 0.000 0.234
006000 0.015 0.754 0.000 0.231
006500 0.015 0.757 0.000 0.228
007000 0.015 0.759 0.000 0.226
007500 0.015 0.762 0.000 0.223
008000 0.015 0.765 0.000 0.220
008500 0.015 0.767 0.000 0.217
009000 0.015 0.769 0.000 0.216
009500 0.015 0.773 0.000 0.212
010000 0.015 0.775 0.000 0.210
