000000 0.250 0.250 0.250 0.250
000500 0.094 0.502 0.000 0.404
001000 0.094 0.508 0.000 0.397
001500 0.094 0.513 0.000 0.393
002000 0.094 0.519 0.000 0.387
002500 0.094 0.520 0.000 0.386
003000 0.094 0.522 0.000 0.384
003500 0.094 0.525 0.000 0.381
004000 0.094 0.527 0.000 0.379
004500 0.094 0.528 0.000 0.378
005000 0.094 0.530 0.000 0.376
005500 0.094 0.530 0.000 0.375
006000 0.094 0.533 0.000 0.373
006500 0.094 0.535 0.000 0.371
007000 0.094 0.536 0.000 0.370
007500 0.094 0.537 0.000 0.369
008000 0.094 0.538 0.000 0.368
008500 0.094 0.540 0.000 0.366
009000 0.094 0.540 0.000 0.366
009500 0.094 0.541 0.000 0.365
010000 0.094 0.543 0.000 0.363
