000000 0.250 0.250 0.250 0.250
000500 0.264 0.226 0.017 0.493
001000 0.078 0.343 0.018 0.561
001500 0.026 0.492 0.014 0.468
002000 0.016 0.594 0.010 0.379
002500 0.014 0.651 0.002 0.333
003000 0.014 0.685 0.007 0.294
003500 0.014 0.725 0.001 0.260
004000 0.013 0.749 0.008 0.229
004500 0.013 0.792 0.011 0.184
005000 0.014 0.836 0.005 0.146
005500 0.016 0.857 0.000 0.127
006000 0.016 0.864 0.000 0.120
006500 0.015 0.870 0.000 0.115
007000 0.016 0.872 0.000 0.112
007500 0.017 0.874 0.000 0.109
008000 0.016 0.877 0.000 0.107
008500 0.015 0.880 0.000 0.104
009000 0.016 0.881 0.000 0.104
009500 0.017 0.881 0.000 0.102
010000 0.017 0.882 0.000 0.101
