000000 0.250 0.250 0.250 0.250
000500 0.052 0.626 0.000 0.322
001000 0.043 0.646 0.000 0.311
001500 0.040 0.655 0.000 0.305
002000 0.038 0.666 0.000 0.297
002500 0.036 0.677 0.000 0.287
003000 0.035 0.687 0.000 0.277
003500 0.033 0.699 0.000 0.268
004000 0.031 0.705 0.000 0.264
004500 0.032 0.711 0.000 0.257
005000 0.031 0.716 0.000 0.253
005500 0.031 0.719 0.000 0.250
006000 0.031 0.724 0.000 0.245
006500 0.031 0.729 0.000 0.241
007000 0.031 0.732 0.000 0.237
007500 0.030 0.738 0.000 0.232
008000 0.030 0.742 0.000 0.229
008500 0.030 0.744 0.000 0.226
009000 0.030 0.746 0.000 0.224
009500 0.030 0.749 0.000 0.221
010000 0.031 0.751 0.000 0.219
