000000 0.250 0.250 0.250 0.250
000500 0.058 0.584 0.000 0.358
001000 0.055 0.600 0.000 0.345
001500 0.055 0.605 0.000 0.340
002000 0.055 0.615 0.000 0.330
002500 0.055 0.622 0.000 0.324
003000 0.054 0.627 0.000 0.318
003500 0.054 0.634 0.000 0.312
004000 0.054 0.640 0.000 0.306
004500 0.054 0.644 0.000 0.303
005000 0.054 0.649 0.000 0.297
005500 0.054 0.652 0.000 0.294
006000 0.054 0.654 0.000 0.292
006500 0.054 0.658 0.000 0.288
007000 0.054 0.661 0.000 0.286
007500 0.054 0.664 0.000 0.283
008000 0.054 0.667 0.000 0.280
008500 0.054 0.670 0.000 0.276
009000 0.054 0.672 0.000 0.275
009500 0.054 0.672 0.000 0.274
010000 0.054 0.673 0.000 0.273
