000000 0.250 0.250 0.250 0.250
000500 0.046 0.552 0.000 0.402
001000 0.046 0.558 0.000 0.396
001500 0.046 0.562 0.000 0.393
002000 0.046 0.567 0.000 0.388
002500 0.046 0.569 0.000 0.385
003000 0.046 0.573 0.000 0.381
003500 0.046 0.577 0.000 0.377
004000 0.046 0.581 0.000 0.373
004500 0.046 0.585 0.000 0.370
005000 0.046 0.588 0.000 0.366
005500 0.046 0.590 0.000 0.365
006000 0.046 0.595 0.000 0.360
006500 0.046 0.596 0.000 0.358
007000 0.046 0.601 0.000 0.353
007500 0.046 0.600 0.000 0.354
008000 0.046 0.604 0.000 0.351
008500 0.046 0.608 0.000 0.347
009000 0.046 0.611 0.000 0.344
009500 0.046 0.612 0.000 0.342
010000 0.046 0.613 0.000 0.341
