000000 0.250 0.250 0.250 0.250
000500 0.201 0.458 0.000 0.341
001000 0.199 0.465 0.000 0.336
001500 0.199 0.469 0.000 0.332
002000 0.199 0.473 0.000 0.328
002500 0.199 0.474 0.000 0.328
003000 0.198 0.474 0.000 0.328
003500 0.198 0.475 0.000 0.327
004000 0.198 0.476 0.000 0.325
004500 0.198 0.477 0.000 0.325
005000 0.198 0.478 0.000 0.324
005500 0.198 0.480 0.000 0.322
006000 0.198 0.481 0.000 0.321
006500 0.198 0.480 0.000 0.322
007000 0.198 0.480 0.000 0.321
007500 0.198 0.481 0.000 0.321
008000 0.198 0.481 0.000 0.321
008500 0.198 0.482 0.000 0.320
009000 0.198 0.482 0.000 0.320
009500 0.198 0.480 0.000 0.322
010000 0.198 0.481 0.000 0.321
