000000 0.250 0.250 0.250 0.250
000500 0.464 0.235 0.000 0.301
001000 0.443 0.251 0.000 0.305
001500 0.433 0.264 0.000 0.303
002000 0.429 0.271 0.000 0.300
002500 0.422 0.279 0.000 0.299
003000 0.423 0.280 0.000 0.298
003500 0.418 0.285 0.000 0.298
004000 0.416 0.288 0.000 0.296
004500 0.412 0.293 0.000 0.295
005000 0.412 0.294 0.000 0.293
005500 0.409 0.297 0.000 0.294
006000 0.407 0.299 0.000 0.294
006500 0.410 0.297 0.000 0.293
007000 0.406 0.302 0.000 0.292
007500 0.407 0.303 0.000 0.291
008000 0.406 0.304 0.000 0.290
008500 0.407 0.303 0.000 0.290
009000 0.407 0.305 0.000 0.288
009500 0.403 0.309 0.000 0.288
010000 0.401 0.312 0.000 0.287
