000000 0.250 0.250 0.250 0.250
000500 0.011 0.756 0.000 0.234
001000 0.010 0.774 0.000 0.216
001500 0.010 0.784 0.000 0.206
002000 0.009 0.792 0.000 0.198
002500 0.009 0.802 0.000 0.189
003000 0.009 0.806 0.000 0.185
003500 0.009 0.814 0.000 0.177
004000 0.009 0.819 0.000 0.172
004500 0.009 0.825 0.000 0.166
005000 0.009 0.828 0.000 0.163
005500 0.009 0.832 0.000 0.159
006000 0.009 0.838 0.000 0.153
006500 0.009 0.841 0.000 0.150
007000 0.009 0.846 0.000 0.145
007500 0.009 0.847 0.000 0.144
008000 0.009 0.852 0.000 0.139
008500 0.009 0.855 0.000 0.136
009000 0.009 0.860 0.000 0.131
009500 0.009 0.862 0.000 0.130
010000 0.009 0.864 0.000 0.127
