000000 0.250 0.250 0.250 0.250
000500 0.040 0.646 0.000 0.314
001000 0.029 0.671 0.000 0.299
001500 0.026 0.686 0.000 0.288
002000 0.024 0.698 0.000 0.278
002500 0.022 0.705 0.000 0.273
003000 0.021 0.716 0.000 0.263
003500 0.022 0.723 0.000 0.255
004000 0.021 0.730 0.000 0.248
004500 0.021 0.736 0.000 0.243
005000 0.021 0.744 0.000 0.236
005500 0.021 0.749 0.000 0.230
006000 0.020 0.754 0.000 0.225
006500 0.020 0.758 0.000 0.222
007000 0.020 0.761 0.000 0.219
007500 0.020 0.766 0.000 0.214
008000 0.020 0.771 0.000 0.209
008500 0.019 0.776 0.000 0.204
009000 0.020 0.779 0.000 0.201
009500 0.021 0.781 0.000 0.198
010000 0.021 0.782 0.000 0.197
