000000 0.250 0.250 0.250 0.250
000500 0.227 0.410 0.000 0.363
001000 0.202 0.438 0.000 0.360
001500 0.193 0.453 0.000 0.354
002000 0.183 0.467 0.000 0.350
002500 0.182 0.474 0.000 0.344
003000 0.177 0.480 0.000 0.343
003500 0.173 0.485 0.000 0.342
004000 0.174 0.485 0.000 0.341
004500 0.171 0.491 0.000 0.338
005000 0.170 0.493 0.000 0.337
005500 0.170 0.494 0.000 0.335
006000 0.169 0.496 0.000 0.335
006500 0.171 0.495 0.000 0.334
007000 0.168 0.501 0.000 0.331
007500 0.168 0.504 0.000 0.328
008000 0.166 0.505 0.000 0.329
008500 0.168 0.504 0.000 0.328
009000 0.168 0.504 0.000 0.328
009500 0.167 0.506 0.000 0.327
010000 0.167 0.506 0.000 0.327
