000000 0.250 0.250 0.250 0.250
000500 0.030 0.742 0.000 0.228
001000 0.022 0.769 0.000 0.209
001500 0.018 0.783 0.000 0.200
002000 0.016 0.797 0.000 0.187
002500 0.015 0.809 0.000 0.176
003000 0.013 0.818 0.000 0.169
003500 0.012 0.831 0.000 0.158
004000 0.010 0.837 0.000 0.152
004500 0.010 0.842 0.000 0.149
005000 0.009 0.848 0.000 0.143
005500 0.010 0.852 0.000 0.138
006000 0.010 0.856 0.000 0.135
006500 0.010 0.859 0.000 0.131
007000 0.009 0.864 0.000 0.127
007500 0.008 0.870 0.000 0.122
008000 0.008 0.875 0.000 0.117
008500 0.008 0.876 0.000 0.115
009000 0.008 0.881 0.000 0.111
009500 0.009 0.884 0.000 0.107
010000 0.009 0.889 0.000 0.102
