000000 0.250 0.250 0.250 0.250
000500 0.515 0.175 0.000 0.310
001000 0.483 0.190 0.000 0.326
001500 0.476 0.195 0.000 0.329
002000 0.466 0.205 0.000 0.329
002500 0.465 0.207 0.000 0.328
003000 0.460 0.212 0.000 0.328
003500 0.461 0.212 0.000 0.327
004000 0.457 0.217 0.000 0.327
004500 0.456 0.218 0.000 0.325
005000 0.452 0.222 0.000 0.326
005500 0.448 0.227 0.000 0.325
006000 0.451 0.224 0.000 0.325
006500 0.450 0.227 0.000 0.322
007000 0.449 0.229 0.000 0.322
007500 0.445 0.234 0.000 0.322
008000 0.445 0.234 0.000 0.321
008500 0.443 0.237 0.000 0.321
009000 0.445 0.235 0.000 0.319
009500 0.445 0.235 0.000 0.320
010000 0.443 0.237 0.000 0.320
