000000 0.250 0.250 0.250 0.250
000500 0.014 0.735 0.000 0.251
001000 0.011 0.758 0.000 0.231
001500 0.010 0.769 0.000 0.221
002000 0.010 0.776 0.000 0.214
002500 0.010 0.783 0.000 0.207
003000 0.010 0.792 0.000 0.198
003500 0.010 0.801 0.000 0.189
004000 0.010 0.806 0.000 0.184
004500 0.010 0.813 0.000 0.178
005000 0.010 0.817 0.000 0.173
005500 0.010 0.822 0.000 0.169
006000 0.010 0.825 0.000 0.165
006500 0.010 0.830 0.000 0.160
007000 0.010 0.835 0.000 0.155
007500 0.010 0.840 0.000 0.150
008000 0.010 0.843 0.000 0.148
008500 0.010 0.847 0.000 0.143
009000 0.010 0.851 0.000 0.139
009500 0.010 0.854 0.000 0.136
010000 0.010 0.858 0.000 0.133
