000000 0.250 0.250 0.250 0.250
000500 0.004 0.857 0.000 0.140
001000 0.003 0.874 0.000 0.123
001500 0.003 0.877 0.000 0.120
002000 0.003 0.879 0.000 0.118
002500 0.003 0.881 0.000 0.115
003000 0.003 0.885 0.000 0.112
003500 0.003 0.885 0.000 0.111
004000 0.003 0.887 0.000 0.110
004500 0.003 0.889 0.000 0.108
005000 0.003 0.892 0.000 0.105
005500 0.003 0.893 0.000 0.104
006000 0.003 0.895 0.000 0.102
006500 0.003 0.896 0.000 0.101
007000 0.003 0.899 0.000 0.098
007500 0.003 0.900 0.000 0.096
008000 0.003 0.902 0.000 0.095
008500 0.003 0.904 0.000 0.093
009000 0.003 0.906 0.000 0.091
009500 0.003 0.908 0.000 0.089
010000 0.003 0.909 0.000 0.088
