000000 0.250 0.250 0.250 0.250
000500 0.155 0.456 0.000 0.389
001000 0.155 0.462 0.000 0.383
001500 0.155 0.468 0.000 0.377
002000 0.155 0.466 0.000 0.378
002500 0.155 0.472 0.000 0.373
003000 0.155 0.473 0.000 0.372
003500 0.155 0.475 0.000 0.370
004000 0.155 0.476 0.000 0.369
004500 0.155 0.477 0.000 0.367
005000 0.155 0.479 0.000 0.366
005500 0.155 0.480 0.000 0.365
006000 0.155 0.481 0.000 0.364
006500 0.155 0.481 0.000 0.363
007000 0.155 0.482 0.000 0.363
007500 0.155 0.483 0.000 0.362
008000 0.155 0.484 0.000 0.361
008500 0.155 0.483 0.000 0.362
009000 0.155 0.483 0.000 0.362
009500 0.155 0.483 0.000 0.362
010000 0.155 0.482 0.000 0.362
