000000 0.250 0.250 0.250 0.250
000500 0.050 0.566 0.000 0.385
001000 0.049 0.572 0.000 0.379
001500 0.049 0.578 0.000 0.373
002000 0.049 0.586 0.000 0.365
002500 0.049 0.589 0.000 0.361
003000 0.049 0.595 0.000 0.355
003500 0.049 0.601 0.000 0.350
004000 0.049 0.604 0.000 0.347
004500 0.049 0.606 0.000 0.345
005000 0.049 0.609 0.000 0.342
005500 0.049 0.611 0.000 0.340
006000 0.049 0.613 0.000 0.338
006500 0.049 0.615 0.000 0.336
007000 0.049 0.618 0.000 0.333
007500 0.049 0.620 0.000 0.331
008000 0.049 0.621 0.000 0.329
008500 0.049 0.624 0.000 0.327
009000 0.049 0.624 0.000 0.327
009500 0.049 0.625 0.000 0.326
010000 0.049 0.627 0.000 0.324
