000000 0.250 0.250 0.250 0.250
000500 0.421 0.318 0.000 0.261
001000 0.420 0.318 0.000 0.262
001500 0.421 0.318 0.000 0.261
002000 0.423 0.317 0.000 0.261
002500 0.423 0.317 0.000 0.260
003000 0.421 0.319 0.000 0.260
003500 0.420 0.320 0.000 0.260
004000 0.420 0.321 0.000 0.260
004500 0.420 0.321 0.000 0.260
005000 0.420 0.321 0.000 0.260
005500 0.420 0.321 0.000 0.259
006000 0.420 0.321 0.000 0.260
006500 0.419 0.321 0.000 0.259
007000 0.419 0.321 0.000 0.260
007500 0.419 0.322 0.000 0.259
008000 0.419 0.322 0.000 0.259
008500 0.420 0.322 0.000 0.259
009000 0.419 0.322 0.000 0.258
009500 0.419 0.323 0.000 0.258
010000 0.419 0.323 0.000 0.258
