000000 0.250 0.250 0.250 0.250
000500 0.413 0.274 0.000 0.313
001000 0.404 0.285 0.000 0.312
001500 0.403 0.287 0.000 0.310
002000 0.399 0.292 0.000 0.309
002500 0.398 0.294 0.000 0.308
003000 0.398 0.294 0.000 0.308
003500 0.393 0.299 0.000 0.308
004000 0.393 0.299 0.000 0.308
004500 0.391 0.302 0.000 0.307
005000 0.390 0.304 0.000 0.306
005500 0.391 0.302 0.000 0.307
006000 0.389 0.304 0.000 0.307
006500 0.390 0.303 0.000 0.307
007000 0.390 0.305 0.000 0.306
007500 0.391 0.304 0.000 0.306
008000 0.390 0.305 0.000 0.305
008500 0.387 0.308 0.000 0.305
009000 0.390 0.306 0.000 0.304
009500 0.390 0.306 0.000 0.304
010000 0.391 0.305 0.000 0.304
