000000 0.250 0.250 0.250 0.250
000500 0.030 0.588 0.000 0.382
001000 0.030 0.593 0.000 0.377
001500 0.030 0.595 0.000 0.375
002000 0.030 0.597 0.000 0.373
002500 0.030 0.602 0.000 0.368
003000 0.030 0.605 0.000 0.365
003500 0.030 0.607 0.000 0.363
004000 0.030 0.611 0.000 0.359
004500 0.030 0.616 0.000 0.355
005000 0.030 0.619 0.000 0.351
005500 0.030 0.622 0.000 0.348
006000 0.030 0.625 0.000 0.345
006500 0.030 0.627 0.000 0.343
007000 0.030 0.630 0.000 0.340
007500 0.030 0.631 0.000 0.339
008000 0.030 0.634 0.000 0.336
008500 0.030 0.635 0.000 0.335
009000 0.030 0.638 0.000 0.332
009500 0.030 0.638 0.000 0.332
010000 0.030 0.643 0.000 0.327
