000000 0.250 0.250 0.250 0.250
000500 0.101 0.531 0.000 0.368
001000 0.098 0.544 0.000 0.358
001500 0.097 0.551 0.000 0.352
002000 0.097 0.557 0.000 0.346
002500 0.096 0.563 0.000 0.341
003000 0.096 0.569 0.000 0.335
003500 0.096 0.574 0.000 0.330
004000 0.096 0.578 0.000 0.326
004500 0.096 0.580 0.000 0.324
005000 0.096 0.581 0.000 0.323
005500 0.096 0.581 0.000 0.323
006000 0.096 0.583 0.000 0.321
006500 0.096 0.586 0.000 0.318
007000 0.096 0.588 0.000 0.317
007500 0.096 0.589 0.000 0.315
008000 0.096 0.592 0.000 0.313
008500 0.096 0.593 0.000 0.311
009000 0.096 0.594 0.000 0.311
009500 0.096 0.595 0.000 0.309
010000 0.096 0.596 0.000 0.308
