000000 0.250 0.250 0.250 0.250
000500 0.380 0.340 0.000 0.280
001000 0.375 0.350 0.000 0.276
001500 0.369 0.357 0.000 0.274
002000 0.367 0.360 0.000 0.273
002500 0.364 0.364 0.000 0.272
003000 0.362 0.367 0.000 0.271
003500 0.363 0.367 0.000 0.270
004000 0.363 0.367 0.000 0.270
004500 0.361 0.370 0.000 0.269
005000 0.363 0.368 0.000 0.269
005500 0.361 0.370 0.000 0.268
006000 0.361 0.373 0.000 0.266
006500 0.361 0.372 0.000 0.267
007000 0.359 0.375 0.000 0.266
007500 0.356 0.376 0.000 0.268
008000 0.355 0.377 0.000 0.269
008500 0.354 0.378 0.000 0.269
009000 0.355 0.377 0.000 0.268
009500 0.354 0.378 0.000 0.268
010000 0.354 0.378 0.000 0.268
