000000 0.250 0.250 0.250 0.250
000500 0.508 0.224 0.000 0.268
001000 0.493 0.237 0.000 0.270
001500 0.492 0.241 0.000 0.268
002000 0.491 0.242 0.000 0.267
002500 0.489 0.246 0.000 0.264
003000 0.488 0.249 0.000 0.262
003500 0.486 0.253 0.000 0.262
004000 0.486 0.253 0.000 0.261
004500 0.481 0.259 0.000 0.260
005000 0.482 0.259 0.000 0.259
005500 0.482 0.259 0.000 0.259
006000 0.483 0.258 0.000 0.259
006500 0.481 0.260 0.000 0.258
007000 0.481 0.262 0.000 0.257
007500 0.478 0.266 0.000 0.256
008000 0.479 0.266 0.000 0.255
008500 0.478 0.268 0.000 0.254
009000 0.478 0.268 0.000 0.255
009500 0.477 0.269 0.000 0.254
010000 0.478 0.268 0.000 0.254
