000000 0.250 0.250 0.250 0.250
000500 0.006 0.803 0.000 0.190
001000 0.006 0.816 0.000 0.178
001500 0.006 0.819 0.000 0.175
002000 0.006 0.824 0.000 0.169
002500 0.006 0.828 0.000 0.165
003000 0.006 0.830 0.000 0.164
003500 0.006 0.833 0.000 0.161
004000 0.006 0.836 0.000 0.158
004500 0.006 0.839 0.000 0.155
005000 0.006 0.843 0.000 0.151
005500 0.006 0.845 0.000 0.149
006000 0.006 0.848 0.000 0.146
006500 0.006 0.849 0.000 0.145
007000 0.006 0.851 0.000 0.143
007500 0.006 0.855 0.000 0.139
008000 0.006 0.856 0.000 0.138
008500 0.006 0.858 0.000 0.136
009000 0.006 0.860 0.000 0.134
009500 0.006 0.863 0.000 0.130
010000 0.006 0.865 0.000 0.129
