000000 0.250 0.250 0.250 0.250
000500 0.041 0.894 0.000 0.066
001000 0.036 0.917 0.000 0.047
001500 0.032 0.927 0.000 0.041
002000 0.032 0.929 0.000 0.039
002500 0.031 0.933 0.000 0.036
003000 0.028 0.938 0.000 0.034
003500 0.027 0.940 0.000 0.033
004000 0.026 0.942 0.000 0.031
004500 0.027 0.944 0.000 0.029
005000 0.025 0.948 0.000 0.027
005500 0.026 0.948 0.000 0.026
006000 0.024 0.951 0.000 0.025
006500 0.025 0.952 0.000 0.023
007000 0.027 0.950 0.000 0.023
007500 0.024 0.954 0.000 0.022
008000 0.025 0.954 0.000 0.022
008500 0.025 0.955 0.000 0.020
009000 0.023 0.957 0.000 0.020
009500 0.024 0.957 0.000 0.019
010000 0.022 0.961 0.000 0.017
