000000 0.250 0.250 0.250 0.250
000500 0.060 0.506 0.000 0.434
001000 0.060 0.507 0.000 0.432
001500 0.060 0.509 0.000 0.430
002000 0.060 0.513 0.000 0.427
002500 0.060 0.512 0.000 0.428
003000 0.060 0.515 0.000 0.424
003500 0.060 0.516 0.000 0.423
004000 0.060 0.518 0.000 0.422
004500 0.060 0.519 0.000 0.420
005000 0.060 0.522 0.000 0.418
005500 0.060 0.524 0.000 0.415
006000 0.060 0.524 0.000 0.416
006500 0.060 0.526 0.000 0.414
007000 0.060 0.526 0.000 0.414
007500 0.060 0.527 0.000 0.413
008000 0.060 0.528 0.000 0.412
008500 0.060 0.529 0.000 0.411
009000 0.060 0.531 0.000 0.409
009500 0.060 0.533 0.000 0.407
010000 0.060 0.533 0.000 0.406
