000000 0.250 0.250 0.250 0.250
000500 0.281 0.303 0.239 0.178
001000 0.297 0.333 0.214 0.155
001500 0.354 0.370 0.169 0.107
002000 0.389 0.387 0.132 0.092
002500 0.414 0.392 0.107 0.086
003000 0.421 0.396 0.103 0.080
003500 0.430 0.387 0.097 0.086
004000 0.421 0.381 0.100 0.098
004500 0.418 0.383 0.109 0.090
005000 0.432 0.395 0.090 0.083
005500 0.432 0.378 0.094 0.096
006000 0.415 0.375 0.111 0.099
006500 0.407 0.385 0.112 0.096
007000 0.424 0.374 0.103 0.098
007500 0.410 0.375 0.111 0.104
008000 0.399 0.369 0.126 0.105
008500 0.416 0.374 0.107 0.103
009000 0.405 0.380 0.120 0.095
009500 0.409 0.394 0.115 0.082
010000 0.413 0.380 0.111 0.096
