000000 0.250 0.250 0.250 0.250
000500 0.004 0.885 0.000 0.112
001000 0.003 0.898 0.000 0.099
001500 0.003 0.901 0.000 0.096
002000 0.003 0.902 0.000 0.095
002500 0.003 0.906 0.000 0.091
003000 0.003 0.907 0.000 0.090
003500 0.003 0.910 0.000 0.087
004000 0.003 0.913 0.000 0.084
004500 0.003 0.915 0.000 0.083
005000 0.003 0.915 0.000 0.082
005500 0.003 0.917 0.000 0.080
006000 0.003 0.920 0.000 0.078
006500 0.003 0.920 0.000 0.077
007000 0.003 0.923 0.000 0.074
007500 0.003 0.924 0.000 0.073
008000 0.003 0.927 0.000 0.070
008500 0.003 0.928 0.000 0.069
009000 0.003 0.930 0.000 0.067
009500 0.003 0.933 0.000 0.064
010000 0.003 0.934 0.000 0.063
