000000 0.250 0.250 0.250 0.250
000500 0.037 0.589 0.000 0.374
001000 0.037 0.594 0.000 0.370
001500 0.037 0.600 0.000 0.364
002000 0.037 0.604 0.000 0.359
002500 0.037 0.610 0.000 0.354
003000 0.037 0.615 0.000 0.349
003500 0.037 0.616 0.000 0.347
004000 0.037 0.623 0.000 0.341
004500 0.037 0.625 0.000 0.339
005000 0.037 0.629 0.000 0.335
005500 0.037 0.634 0.000 0.329
006000 0.037 0.636 0.000 0.327
006500 0.037 0.638 0.000 0.326
007000 0.037 0.640 0.000 0.323
007500 0.037 0.643 0.000 0.320
008000 0.037 0.647 0.000 0.316
008500 0.037 0.648 0.000 0.315
009000 0.037 0.652 0.000 0.311
009500 0.037 0.653 0.000 0.311
010000 0.037 0.656 0.000 0.308
