000000 0.250 0.250 0.250 0.250
000500 0.095 0.526 0.000 0.379
001000 0.092 0.535 0.000 0.373
001500 0.092 0.541 0.000 0.367
002000 0.092 0.547 0.000 0.361
002500 0.092 0.550 0.000 0.358
003000 0.092 0.555 0.000 0.353
003500 0.092 0.561 0.000 0.347
004000 0.092 0.565 0.000 0.343
004500 0.092 0.572 0.000 0.336
005000 0.092 0.574 0.000 0.334
005500 0.092 0.575 0.000 0.333
006000 0.092 0.578 0.000 0.330
006500 0.092 0.581 0.000 0.327
007000 0.092 0.583 0.000 0.325
007500 0.092 0.583 0.000 0.325
008000 0.092 0.583 0.000 0.325
008500 0.092 0.584 0.000 0.324
009000 0.092 0.586 0.000 0.322
009500 0.092 0.587 0.000 0.321
010000 0.092 0.590 0.000 0.318
