000000 0.250 0.250 0.250 0.250
000500 0.014 0.773 0.000 0.213
001000 0.011 0.803 0.000 0.186
001500 0.009 0.812 0.000 0.179
002000 0.009 0.822 0.000 0.170
002500 0.007 0.831 0.000 0.162
003000 0.007 0.840 0.000 0.153
003500 0.008 0.846 0.000 0.147
004000 0.007 0.852 0.000 0.141
004500 0.007 0.858 0.000 0.136
005000 0.006 0.864 0.000 0.130
005500 0.006 0.869 0.000 0.125
006000 0.007 0.874 0.000 0.119
006500 0.007 0.879 0.000 0.114
007000 0.006 0.883 0.000 0.110
007500 0.006 0.887 0.000 0.106
008000 0.006 0.891 0.000 0.103
008500 0.006 0.895 0.000 0.099
009000 0.006 0.896 0.000 0.097
009500 0.007 0.898 0.000 0.095
010000 0.007 0.900 0.000 0.093
