000000 0.250 0.250 0.250 0.250
000500 0.142 0.461 0.000 0.397
001000 0.142 0.467 0.000 0.392
001500 0.142 0.470 0.000 0.388
002000 0.142 0.472 0.000 0.386
002500 0.142 0.473 0.000 0.385
003000 0.142 0.476 0.000 0.382
003500 0.142 0.478 0.000 0.380
004000 0.142 0.479 0.000 0.380
004500 0.142 0.479 0.000 0.380
005000 0.142 0.479 0.000 0.379
005500 0.142 0.479 0.000 0.379
006000 0.142 0.480 0.000 0.378
006500 0.142 0.480 0.000 0.378
007000 0.142 0.481 0.000 0.378
007500 0.142 0.483 0.000 0.376
008000 0.142 0.482 0.000 0.376
008500 0.142 0.482 0.000 0.377
009000 0.142 0.481 0.000 0.378
009500 0.142 0.483 0.000 0.376
010000 0.142 0.482 0.000 0.376
