000000 0.250 0.250 0.250 0.250
000500 0.351 0.283 0.000 0.367
001000 0.344 0.289 0.000 0.367
001500 0.343 0.293 0.000 0.364
002000 0.342 0.297 0.000 0.361
002500 0.340 0.301 0.000 0.360
003000 0.339 0.300 0.000 0.361
003500 0.340 0.300 0.000 0.361
004000 0.337 0.302 0.000 0.361
004500 0.342 0.300 0.000 0.359
005000 0.342 0.301 0.000 0.357
005500 0.341 0.302 0.000 0.357
006000 0.341 0.301 0.000 0.357
006500 0.340 0.303 0.000 0.357
007000 0.340 0.303 0.000 0.357
007500 0.339 0.305 0.000 0.356
008000 0.339 0.306 0.000 0.355
008500 0.340 0.305 0.000 0.356
009000 0.339 0.305 0.000 0.356
009500 0.338 0.306 0.000 0.355
010000 0.338 0.307 0.000 0.355
