000000 0.250 0.250 0.250 0.250
000500 0.032 0.582 0.000 0.386
001000 0.029 0.601 0.000 0.370
001500 0.029 0.610 0.000 0.361
002000 0.027 0.621 0.000 0.352
002500 0.027 0.627 0.000 0.346
003000 0.027 0.633 0.000 0.340
003500 0.027 0.641 0.000 0.332
004000 0.026 0.647 0.000 0.327
004500 0.026 0.651 0.000 0.323
005000 0.026 0.659 0.000 0.315
005500 0.026 0.662 0.000 0.312
006000 0.026 0.666 0.000 0.308
006500 0.026 0.672 0.000 0.302
007000 0.026 0.676 0.000 0.298
007500 0.026 0.677 0.000 0.297
008000 0.026 0.682 0.000 0.292
008500 0.026 0.684 0.000 0.289
009000 0.026 0.689 0.000 0.285
009500 0.026 0.691 0.000 0.283
010000 0.026 0.693 0.000 0.281
