000000 0.250 0.250 0.250 0.250
000500 0.163 0.435 0.000 0.402
001000 0.163 0.437 0.000 0.401
001500 0.163 0.441 0.000 0.397
002000 0.163 0.443 0.000 0.394
002500 0.163 0.445 0.000 0.392
003000 0.163 0.445 0.000 0.392
003500 0.163 0.447 0.000 0.391
004000 0.163 0.447 0.000 0.391
004500 0.163 0.447 0.000 0.390
005000 0.163 0.448 0.000 0.389
005500 0.163 0.449 0.000 0.388
006000 0.163 0.450 0.000 0.387
006500 0.163 0.451 0.000 0.387
007000 0.163 0.451 0.000 0.386
007500 0.163 0.451 0.000 0.387
008000 0.163 0.452 0.000 0.386
008500 0.163 0.451 0.000 0.386
009000 0.163 0.452 0.000 0.385
009500 0.163 0.452 0.000 0.385
010000 0.163 0.452 0.000 0.386
