000000 0.250 0.250 0.250 0.250
000500 0.046 0.517 0.000 0.437
001000 0.046 0.523 0.000 0.432
001500 0.046 0.526 0.000 0.428
002000 0.046 0.532 0.000 0.422
002500 0.046 0.538 0.000 0.417
003000 0.046 0.541 0.000 0.414
003500 0.046 0.543 0.000 0.411
004000 0.046 0.547 0.000 0.407
004500 0.046 0.549 0.000 0.405
005000 0.046 0.552 0.000 0.402
005500 0.046 0.552 0.000 0.402
006000 0.046 0.556 0.000 0.398
006500 0.046 0.557 0.000 0.397
007000 0.046 0.560 0.000 0.394
007500 0.046 0.561 0.000 0.393
008000 0.046 0.564 0.000 0.390
008500 0.046 0.563 0.000 0.391
009000 0.046 0.565 0.000 0.389
009500 0.046 0.565 0.000 0.389
010000 0.046 0.565 0.000 0.389
