000000 0.250 0.250 0.250 0.250
000500 0.304 0.278 0.000 0.417
001000 0.288 0.292 0.000 0.420
001500 0.281 0.300 0.000 0.419
002000 0.275 0.307 0.000 0.418
002500 0.274 0.310 0.000 0.417
003000 0.273 0.313 0.000 0.414
003500 0.273 0.314 0.000 0.413
004000 0.272 0.317 0.000 0.411
004500 0.271 0.319 0.000 0.410
005000 0.273 0.319 0.000 0.408
005500 0.269 0.323 0.000 0.408
006000 0.269 0.324 0.000 0.407
006500 0.267 0.326 0.000 0.407
007000 0.267 0.329 0.000 0.404
007500 0.268 0.329 0.000 0.403
008000 0.267 0.331 0.000 0.402
008500 0.264 0.335 0.000 0.401
009000 0.267 0.334 0.000 0.399
009500 0.265 0.337 0.000 0.399
010000 0.266 0.337 0.000 0.397
