000000 0.250 0.250 0.250 0.250
000500 0.015 0.613 0.000 0.372
001000 0.015 0.628 0.000 0.356
001500 0.015 0.632 0.000 0.353
002000 0.015 0.632 0.000 0.353
002500 0.015 0.637 0.000 0.348
003000 0.015 0.640 0.000 0.345
003500 0.015 0.645 0.000 0.340
004000 0.015 0.649 0.000 0.336
004500 0.015 0.652 0.000 0.333
005000 0.015 0.655 0.000 0.330
005500 0.015 0.656 0.000 0.329
006000 0.015 0.658 0.000 0.327
006500 0.015 0.659 0.000 0.326
007000 0.015 0.662 0.000 0.323
007500 0.015 0.664 0.000 0.320
008000 0.015 0.666 0.000 0.319
008500 0.015 0.668 0.000 0.316
009000 0.015 0.670 0.000 0.315
009500 0.015 0.670 0.000 0.315
010000 0.015 0.671 0.000 0.314
