000000 0.250 0.250 0.250 0.250
000500 0.028 0.571 0.000 0.401
001000 0.028 0.582 0.000 0.391
001500 0.027 0.588 0.000 0.384
002000 0.027 0.594 0.000 0.378
002500 0.027 0.600 0.000 0.373
003000 0.027 0.605 0.000 0.368
003500 0.027 0.605 0.000 0.367
004000 0.027 0.610 0.000 0.363
004500 0.027 0.613 0.000 0.360
005000 0.027 0.615 0.000 0.358
005500 0.027 0.618 0.000 0.355
006000 0.027 0.621 0.000 0.351
006500 0.027 0.625 0.000 0.348
007000 0.027 0.631 0.000 0.341
007500 0.027 0.635 0.000 0.338
008000 0.027 0.636 0.000 0.337
008500 0.027 0.640 0.000 0.332
009000 0.027 0.642 0.000 0.330
009500 0.027 0.646 0.000 0.326
010000 0.027 0.649 0.000 0.324
