000000 0.250 0.250 0.250 0.250
000500 0.140 0.432 0.000 0.428
001000 0.140 0.431 0.000 0.429
001500 0.140 0.432 0.000 0.428
002000 0.140 0.434 0.000 0.426
002500 0.140 0.432 0.000 0.428
003000 0.140 0.433 0.000 0.427
003500 0.140 0.435 0.000 0.425
004000 0.140 0.434 0.000 0.426
004500 0.140 0.436 0.000 0.424
005000 0.140 0.437 0.000 0.423
005500 0.140 0.438 0.000 0.423
006000 0.140 0.437 0.000 0.423
006500 0.140 0.438 0.000 0.422
007000 0.140 0.440 0.000 0.420
007500 0.140 0.441 0.000 0.420
008000 0.140 0.440 0.000 0.420
008500 0.140 0.441 0.000 0.419
009000 0.140 0.442 0.000 0.419
009500 0.140 0.441 0.000 0.419
010000 0.140 0.442 0.000 0.418
