000000 0.250 0.250 0.250 0.250
000500 0.030 0.275 0.085 0.609
001000 0.001 0.444 0.086 0.469
001500 0.000 0.619 0.107 0.275
002000 0.000 0.725 0.093 0.182
002500 0.000 0.801 0.116 0.083
003000 0.000 0.856 0.106 0.038
003500 0.000 0.869 0.121 0.011
004000 0.000 0.891 0.108 0.001
004500 0.000 0.892 0.108 0.000
005000 0.000 0.880 0.120 0.000
005500 0.000 0.889 0.111 0.000
006000 0.000 0.895 0.105 0.000
006500 0.000 0.887 0.113 0.000
007000 0.000 0.902 0.098 0.000
007500 0.000 0.883 0.117 0.000
008000 0.000 0.900 0.100 0.000
008500 0.000 0.887 0.113 0.000
009000 0.000 0.888 0.112 0.000
009500 0.000 0.885 0.115 0.000
010000 0.000 0.873 0.127 0.000
