000000 0.250 0.250 0.250 0.250
000500 0.028 0.545 0.000 0.427
001000 0.028 0.548 0.000 0.424
001500 0.028 0.549 0.000 0.424
002000 0.028 0.550 0.000 0.422
002500 0.028 0.551 0.000 0.421
003000 0.028 0.554 0.000 0.418
003500 0.028 0.554 0.000 0.418
004000 0.028 0.558 0.000 0.415
004500 0.028 0.559 0.000 0.414
005000 0.028 0.560 0.000 0.413
005500 0.028 0.561 0.000 0.411
006000 0.028 0.561 0.000 0.411
006500 0.028 0.564 0.000 0.409
007000 0.028 0.565 0.000 0.407
007500 0.028 0.568 0.000 0.404
008000 0.028 0.569 0.000 0.403
008500 0.028 0.570 0.000 0.402
009000 0.028 0.572 0.000 0.400
009500 0.028 0.571 0.000 0.401
010000 0.028 0.573 0.000 0.399
