000000 0.250 0.250 0.250 0.250
000500 0.228 0.298 0.000 0.474
001000 0.202 0.323 0.000 0.475
001500 0.188 0.338 0.000 0.474
002000 0.180 0.348 0.000 0.472
002500 0.175 0.360 0.000 0.466
003000 0.170 0.365 0.000 0.465
003500 0.166 0.370 0.000 0.464
004000 0.165 0.371 0.000 0.464
004500 0.163 0.375 0.000 0.462
005000 0.163 0.377 0.000 0.460
005500 0.164 0.378 0.000 0.458
006000 0.158 0.386 0.000 0.456
006500 0.158 0.388 0.000 0.454
007000 0.158 0.388 0.000 0.453
007500 0.160 0.388 0.000 0.452
008000 0.158 0.392 0.000 0.450
008500 0.156 0.397 0.000 0.446
009000 0.153 0.401 0.000 0.446
009500 0.153 0.403 0.000 0.444
010000 0.157 0.399 0.000 0.444
