000000 0.250 0.250 0.250 0.250
000500 0.041 0.530 0.000 0.429
001000 0.041 0.538 0.000 0.421
001500 0.041 0.545 0.000 0.415
002000 0.041 0.548 0.000 0.412
002500 0.041 0.549 0.000 0.410
003000 0.041 0.553 0.000 0.407
003500 0.040 0.557 0.000 0.403
004000 0.040 0.561 0.000 0.399
004500 0.040 0.563 0.000 0.397
005000 0.040 0.565 0.000 0.394
005500 0.040 0.567 0.000 0.393
006000 0.040 0.570 0.000 0.389
006500 0.040 0.571 0.000 0.388
007000 0.040 0.574 0.000 0.386
007500 0.040 0.575 0.000 0.385
008000 0.040 0.578 0.000 0.382
008500 0.040 0.580 0.000 0.379
009000 0.040 0.581 0.000 0.378
009500 0.040 0.583 0.000 0.376
010000 0.040 0.585 0.000 0.374
