000000 0.250 0.250 0.250 0.250
000500 0.038 0.521 0.000 0.441
001000 0.038 0.524 0.000 0.438
001500 0.038 0.525 0.000 0.437
002000 0.038 0.527 0.000 0.435
002500 0.038 0.529 0.000 0.433
003000 0.038 0.530 0.000 0.432
003500 0.038 0.533 0.000 0.429
004000 0.038 0.533 0.000 0.429
004500 0.038 0.534 0.000 0.428
005000 0.038 0.536 0.000 0.426
005500 0.038 0.535 0.000 0.427
006000 0.038 0.537 0.000 0.425
006500 0.038 0.537 0.000 0.425
007000 0.038 0.539 0.000 0.423
007500 0.038 0.540 0.000 0.422
008000 0.038 0.541 0.000 0.421
008500 0.038 0.542 0.000 0.420
009000 0.038 0.543 0.000 0.419
009500 0.038 0.544 0.000 0.418
010000 0.038 0.544 0.000 0.418
