000000 0.250 0.250 0.250 0.250
000500 0.304 0.287 0.000 0.409
001000 0.291 0.297 0.000 0.411
001500 0.284 0.306 0.000 0.410
002000 0.281 0.311 0.000 0.409
002500 0.277 0.316 0.000 0.407
003000 0.277 0.317 0.000 0.406
003500 0.273 0.321 0.000 0.406
004000 0.273 0.321 0.000 0.406
004500 0.271 0.324 0.000 0.405
005000 0.270 0.325 0.000 0.405
005500 0.268 0.331 0.000 0.401
006000 0.267 0.333 0.000 0.401
006500 0.267 0.334 0.000 0.400
007000 0.264 0.336 0.000 0.400
007500 0.263 0.340 0.000 0.397
008000 0.261 0.342 0.000 0.397
008500 0.262 0.343 0.000 0.395
009000 0.261 0.345 0.000 0.394
009500 0.260 0.346 0.000 0.394
010000 0.257 0.350 0.000 0.393
