000000 0.250 0.250 0.250 0.250
000500 0.005 0.905 0.000 0.089
001000 0.003 0.964 0.000 0.033
001500 0.001 0.977 0.000 0.021
002000 0.001 0.981 0.000 0.018
002500 0.001 0.982 0.000 0.017
003000 0.001 0.984 0.000 0.016
003500 0.000 0.984 0.000 0.015
004000 0.000 0.985 0.000 0.014
004500 0.000 0.986 0.000 0.014
005000 0.000 0.987 0.000 0.013
005500 0.000 0.987 0.000 0.012
006000 0.000 0.988 0.000 0.011
006500 0.000 0.988 0.000 0.011
007000 0.000 0.989 0.000 0.011
007500 0.000 0.989 0.000 0.010
008000 0.000 0.990 0.000 0.010
008500 0.000 0.990 0.000 0.010
009000 0.000 0.990 0.000 0.010
009500 0.000 0.990 0.000 0.010
010000 0.000 0.990 0.000 0.009
