000000 0.250 0.250 0.250 0.250
000500 0.035 0.524 0.000 0.441
001000 0.035 0.526 0.000 0.439
001500 0.035 0.530 0.000 0.435
002000 0.035 0.533 0.000 0.432
002500 0.035 0.534 0.000 0.430
003000 0.035 0.539 0.000 0.426
003500 0.035 0.542 0.000 0.423
004000 0.035 0.545 0.000 0.420
004500 0.035 0.546 0.000 0.419
005000 0.035 0.547 0.000 0.418
005500 0.035 0.548 0.000 0.416
006000 0.035 0.551 0.000 0.414
006500 0.035 0.552 0.000 0.413
007000 0.035 0.552 0.000 0.413
007500 0.035 0.553 0.000 0.412
008000 0.035 0.555 0.000 0.409
008500 0.035 0.557 0.000 0.408
009000 0.035 0.556 0.000 0.409
009500 0.035 0.557 0.000 0.408
010000 0.035 0.558 0.000 0.407
