000000 0.250 0.250 0.250 0.250
000500 0.753 0.002 0.138 0.107
001000 0.707 0.001 0.211 0.081
001500 0.711 0.000 0.210 0.079
002000 0.698 0.000 0.217 0.085
002500 0.730 0.000 0.201 0.069
003000 0.699 0.000 0.216 0.085
003500 0.710 0.000 0.210 0.079
004000 0.724 0.000 0.192 0.083
004500 0.732 0.000 0.191 0.078
005000 0.701 0.000 0.221 0.078
005500 0.690 0.000 0.224 0.086
006000 0.722 0.000 0.192 0.086
006500 0.700 0.000 0.217 0.083
007000 0.691 0.000 0.227 0.082
007500 0.715 0.000 0.202 0.083
008000 0.700 0.000 0.218 0.082
008500 0.704 0.000 0.210 0.086
009000 0.708 0.000 0.213 0.079
009500 0.702 0.000 0.209 0.089
010000 0.725 0.000 0.192 0.083
