000000 0.250 0.250 0.250 0.250
000500 0.055 0.546 0.000 0.399
001000 0.055 0.558 0.000 0.388
001500 0.055 0.565 0.000 0.381
002000 0.054 0.572 0.000 0.374
002500 0.054 0.574 0.000 0.371
003000 0.054 0.575 0.000 0.370
003500 0.054 0.578 0.000 0.368
004000 0.054 0.581 0.000 0.365
004500 0.054 0.582 0.000 0.364
005000 0.054 0.586 0.000 0.360
005500 0.054 0.588 0.000 0.358
006000 0.054 0.589 0.000 0.357
006500 0.054 0.590 0.000 0.355
007000 0.054 0.592 0.000 0.353
007500 0.054 0.594 0.000 0.352
008000 0.054 0.596 0.000 0.349
008500 0.054 0.599 0.000 0.346
009000 0.054 0.602 0.000 0.344
009500 0.054 0.603 0.000 0.343
010000 0.054 0.604 0.000 0.342
