000000 0.250 0.250 0.250 0.250
000500 0.014 0.643 0.000 0.343
001000 0.014 0.665 0.000 0.320
001500 0.014 0.675 0.000 0.311
002000 0.014 0.681 0.000 0.305
002500 0.014 0.685 0.000 0.301
003000 0.014 0.688 0.000 0.298
003500 0.014 0.693 0.000 0.293
004000 0.014 0.696 0.000 0.290
004500 0.014 0.701 0.000 0.285
005000 0.014 0.705 0.000 0.281
005500 0.014 0.708 0.000 0.278
006000 0.014 0.712 0.000 0.274
006500 0.014 0.713 0.000 0.273
007000 0.014 0.715 0.000 0.271
007500 0.014 0.716 0.000 0.270
008000 0.014 0.718 0.000 0.268
008500 0.014 0.722 0.000 0.264
009000 0.014 0.726 0.000 0.260
009500 0.014 0.727 0.000 0.259
010000 0.014 0.730 0.000 0.256
