000000 0.250 0.250 0.250 0.250
000500 0.186 0.361 0.000 0.452
001000 0.171 0.382 0.000 0.447
001500 0.162 0.396 0.000 0.442
002000 0.157 0.404 0.000 0.440
002500 0.153 0.412 0.000 0.435
003000 0.153 0.415 0.000 0.433
003500 0.150 0.419 0.000 0.431
004000 0.147 0.422 0.000 0.430
004500 0.147 0.425 0.000 0.429
005000 0.145 0.428 0.000 0.427
005500 0.145 0.431 0.000 0.424
006000 0.145 0.433 0.000 0.422
006500 0.145 0.438 0.000 0.418
007000 0.145 0.437 0.000 0.418
007500 0.144 0.440 0.000 0.416
008000 0.143 0.441 0.000 0.416
008500 0.142 0.442 0.000 0.416
009000 0.140 0.445 0.000 0.415
009500 0.140 0.446 0.000 0.414
010000 0.141 0.447 0.000 0.413
