000000 0.250 0.250 0.250 0.250
000500 0.157 0.443 0.000 0.401
001000 0.155 0.451 0.000 0.394
001500 0.155 0.455 0.000 0.390
002000 0.155 0.459 0.000 0.386
002500 0.154 0.461 0.000 0.385
003000 0.154 0.463 0.000 0.383
003500 0.154 0.467 0.000 0.379
004000 0.154 0.467 0.000 0.379
004500 0.154 0.468 0.000 0.378
005000 0.154 0.467 0.000 0.378
005500 0.154 0.470 0.000 0.376
006000 0.154 0.470 0.000 0.375
006500 0.154 0.471 0.000 0.375
007000 0.154 0.472 0.000 0.374
007500 0.154 0.474 0.000 0.371
008000 0.154 0.474 0.000 0.371
008500 0.154 0.475 0.000 0.370
009000 0.154 0.476 0.000 0.370
009500 0.154 0.476 0.000 0.370
010000 0.154 0.476 0.000 0.370
