000000 0.250 0.250 0.250 0.250
000500 0.031 0.546 0.000 0.423
001000 0.031 0.551 0.000 0.419
001500 0.031 0.555 0.000 0.414
002000 0.031 0.557 0.000 0.412
002500 0.031 0.562 0.000 0.407
003000 0.031 0.563 0.000 0.406
003500 0.031 0.567 0.000 0.402
004000 0.031 0.569 0.000 0.400
004500 0.031 0.570 0.000 0.399
005000 0.031 0.571 0.000 0.398
005500 0.031 0.574 0.000 0.395
006000 0.031 0.579 0.000 0.391
006500 0.031 0.579 0.000 0.391
007000 0.031 0.580 0.000 0.389
007500 0.031 0.583 0.000 0.387
008000 0.031 0.584 0.000 0.386
008500 0.031 0.586 0.000 0.383
009000 0.031 0.587 0.000 0.382
009500 0.031 0.589 0.000 0.380
010000 0.031 0.590 0.000 0.380
