000000 0.250 0.250 0.250 0.250
000500 0.039 0.545 0.000 0.416
001000 0.038 0.560 0.000 0.402
001500 0.037 0.569 0.000 0.394
002000 0.037 0.575 0.000 0.388
002500 0.037 0.580 0.000 0.383
003000 0.037 0.587 0.000 0.376
003500 0.037 0.591 0.000 0.371
004000 0.037 0.595 0.000 0.368
004500 0.037 0.599 0.000 0.363
005000 0.037 0.604 0.000 0.359
005500 0.037 0.608 0.000 0.354
006000 0.037 0.610 0.000 0.353
006500 0.037 0.614 0.000 0.349
007000 0.037 0.619 0.000 0.343
007500 0.037 0.623 0.000 0.339
008000 0.037 0.626 0.000 0.337
008500 0.037 0.627 0.000 0.335
009000 0.037 0.630 0.000 0.333
009500 0.037 0.633 0.000 0.330
010000 0.037 0.635 0.000 0.328
