000000 0.250 0.250 0.250 0.250
000500 0.138 0.427 0.000 0.436
001000 0.138 0.430 0.000 0.433
001500 0.138 0.431 0.000 0.432
002000 0.138 0.433 0.000 0.429
002500 0.138 0.434 0.000 0.428
003000 0.138 0.434 0.000 0.428
003500 0.138 0.435 0.000 0.427
004000 0.138 0.438 0.000 0.425
004500 0.138 0.438 0.000 0.425
005000 0.138 0.437 0.000 0.425
005500 0.138 0.439 0.000 0.424
006000 0.138 0.439 0.000 0.423
006500 0.138 0.440 0.000 0.423
007000 0.138 0.440 0.000 0.422
007500 0.138 0.440 0.000 0.423
008000 0.138 0.440 0.000 0.422
008500 0.138 0.441 0.000 0.422
009000 0.138 0.441 0.000 0.421
009500 0.138 0.442 0.000 0.420
010000 0.138 0.442 0.000 0.421
