000000 0.250 0.250 0.250 0.250
000500 0.090 0.477 0.000 0.433
001000 0.077 0.494 0.000 0.429
001500 0.073 0.506 0.000 0.422
002000 0.068 0.516 0.000 0.416
002500 0.067 0.520 0.000 0.413
003000 0.064 0.526 0.000 0.410
003500 0.066 0.528 0.000 0.406
004000 0.065 0.534 0.000 0.401
004500 0.064 0.538 0.000 0.398
005000 0.064 0.540 0.000 0.396
005500 0.065 0.542 0.000 0.394
006000 0.064 0.544 0.000 0.393
006500 0.063 0.548 0.000 0.389
007000 0.063 0.550 0.000 0.386
007500 0.062 0.553 0.000 0.384
008000 0.063 0.555 0.000 0.382
008500 0.062 0.558 0.000 0.380
009000 0.062 0.561 0.000 0.376
009500 0.063 0.563 0.000 0.374
010000 0.063 0.564 0.000 0.374
