000000 0.250 0.250 0.250 0.250
000500 0.038 0.530 0.000 0.432
001000 0.038 0.540 0.000 0.422
001500 0.038 0.545 0.000 0.417
002000 0.038 0.549 0.000 0.413
002500 0.038 0.553 0.000 0.409
003000 0.038 0.560 0.000 0.402
003500 0.038 0.566 0.000 0.396
004000 0.038 0.571 0.000 0.391
004500 0.038 0.575 0.000 0.387
005000 0.038 0.577 0.000 0.385
005500 0.038 0.582 0.000 0.380
006000 0.038 0.583 0.000 0.379
006500 0.038 0.585 0.000 0.377
007000 0.038 0.587 0.000 0.375
007500 0.038 0.590 0.000 0.372
008000 0.038 0.592 0.000 0.370
008500 0.038 0.595 0.000 0.367
009000 0.038 0.597 0.000 0.365
009500 0.038 0.599 0.000 0.363
010000 0.038 0.601 0.000 0.361
