000000 0.250 0.250 0.250 0.250
000500 0.028 0.619 0.000 0.354
001000 0.024 0.642 0.000 0.334
001500 0.022 0.656 0.000 0.323
002000 0.021 0.667 0.000 0.312
002500 0.020 0.672 0.000 0.308
003000 0.020 0.675 0.000 0.304
003500 0.020 0.683 0.000 0.297
004000 0.019 0.688 0.000 0.293
004500 0.019 0.689 0.000 0.291
005000 0.020 0.693 0.000 0.288
005500 0.020 0.696 0.000 0.285
006000 0.020 0.699 0.000 0.282
006500 0.019 0.704 0.000 0.277
007000 0.019 0.707 0.000 0.274
007500 0.019 0.708 0.000 0.273
008000 0.019 0.713 0.000 0.268
008500 0.019 0.715 0.000 0.266
009000 0.020 0.717 0.000 0.264
009500 0.019 0.722 0.000 0.259
010000 0.019 0.724 0.000 0.257
