000000 0.250 0.250 0.250 0.250
000500 0.002 0.853 0.000 0.145
001000 0.001 0.912 0.000 0.086
001500 0.001 0.930 0.000 0.069
002000 0.001 0.937 0.000 0.062
002500 0.001 0.942 0.000 0.057
003000 0.001 0.943 0.000 0.056
003500 0.001 0.944 0.000 0.055
004000 0.001 0.945 0.000 0.054
004500 0.001 0.946 0.000 0.053
005000 0.001 0.949 0.000 0.050
005500 0.001 0.951 0.000 0.048
006000 0.001 0.953 0.000 0.046
006500 0.001 0.955 0.000 0.044
007000 0.001 0.956 0.000 0.043
007500 0.001 0.957 0.000 0.042
008000 0.001 0.958 0.000 0.041
008500 0.001 0.959 0.000 0.041
009000 0.001 0.959 0.000 0.040
009500 0.001 0.961 0.000 0.038
010000 0.001 0.961 0.000 0.038
