000000 0.250 0.250 0.250 0.250
000500 0.015 0.612 0.000 0.373
001000 0.015 0.627 0.000 0.358
001500 0.015 0.630 0.000 0.356
002000 0.015 0.635 0.000 0.351
002500 0.015 0.637 0.000 0.348
003000 0.015 0.639 0.000 0.346
003500 0.015 0.645 0.000 0.340
004000 0.015 0.650 0.000 0.335
004500 0.015 0.654 0.000 0.331
005000 0.015 0.654 0.000 0.331
005500 0.015 0.658 0.000 0.328
006000 0.015 0.661 0.000 0.325
006500 0.015 0.664 0.000 0.322
007000 0.015 0.665 0.000 0.320
007500 0.015 0.669 0.000 0.316
008000 0.015 0.672 0.000 0.314
008500 0.015 0.674 0.000 0.312
009000 0.015 0.676 0.000 0.309
009500 0.015 0.677 0.000 0.309
010000 0.015 0.682 0.000 0.303
