000000 0.250 0.250 0.250 0.250
000500 0.071 0.535 0.000 0.394
001000 0.067 0.548 0.000 0.385
001500 0.066 0.552 0.000 0.382
002000 0.066 0.557 0.000 0.377
002500 0.066 0.562 0.000 0.372
003000 0.066 0.567 0.000 0.367
003500 0.066 0.570 0.000 0.364
004000 0.066 0.574 0.000 0.360
004500 0.066 0.578 0.000 0.356
005000 0.066 0.582 0.000 0.352
005500 0.066 0.587 0.000 0.347
006000 0.066 0.589 0.000 0.345
006500 0.066 0.592 0.000 0.342
007000 0.066 0.592 0.000 0.342
007500 0.066 0.594 0.000 0.340
008000 0.066 0.594 0.000 0.340
008500 0.066 0.597 0.000 0.337
009000 0.066 0.599 0.000 0.335
009500 0.066 0.600 0.000 0.334
010000 0.066 0.602 0.000 0.332
