000000 0.250 0.250 0.250 0.250
000500 0.447 0.026 0.344 0.183
001000 0.244 0.011 0.522 0.223
001500 0.159 0.005 0.604 0.232
002000 0.120 0.003 0.665 0.212
002500 0.124 0.001 0.645 0.230
003000 0.128 0.001 0.639 0.233
003500 0.089 0.001 0.678 0.232
004000 0.063 0.000 0.690 0.247
004500 0.079 0.000 0.709 0.212
005000 0.123 0.000 0.665 0.212
005500 0.106 0.000 0.670 0.224
006000 0.093 0.000 0.682 0.225
006500 0.090 0.000 0.691 0.219
007000 0.104 0.000 0.682 0.213
007500 0.080 0.000 0.697 0.223
008000 0.109 0.000 0.675 0.216
008500 0.105 0.000 0.675 0.220
009000 0.123 0.000 0.662 0.215
009500 0.139 0.000 0.640 0.221
010000 0.115 0.000 0.655 0.230
