000000 0.250 0.250 0.250 0.250
000500 0.034 0.630 0.000 0.336
001000 0.026 0.703 0.000 0.271
001500 0.023 0.730 0.000 0.247
002000 0.021 0.751 0.000 0.228
002500 0.021 0.761 0.000 0.219
003000 0.018 0.770 0.000 0.211
003500 0.018 0.779 0.000 0.203
004000 0.018 0.788 0.000 0.195
004500 0.016 0.799 0.000 0.184
005000 0.015 0.807 0.000 0.178
005500 0.015 0.810 0.000 0.175
006000 0.014 0.817 0.000 0.169
006500 0.016 0.819 0.000 0.165
007000 0.016 0.822 0.000 0.162
007500 0.014 0.826 0.000 0.159
008000 0.015 0.830 0.000 0.155
008500 0.013 0.835 0.000 0.151
009000 0.013 0.841 0.000 0.146
009500 0.012 0.843 0.000 0.145
010000 0.014 0.842 0.000 0.144
