000000 0.250 0.250 0.250 0.250
000500 0.033 0.548 0.000 0.418
001000 0.033 0.556 0.000 0.410
001500 0.033 0.560 0.000 0.407
002000 0.033 0.563 0.000 0.404
002500 0.033 0.567 0.000 0.400
003000 0.033 0.571 0.000 0.396
003500 0.033 0.574 0.000 0.392
004000 0.033 0.576 0.000 0.391
004500 0.033 0.578 0.000 0.388
005000 0.033 0.580 0.000 0.386
005500 0.033 0.582 0.000 0.385
006000 0.033 0.583 0.000 0.384
006500 0.033 0.584 0.000 0.382
007000 0.033 0.585 0.000 0.381
007500 0.033 0.589 0.000 0.378
008000 0.033 0.590 0.000 0.377
008500 0.033 0.593 0.000 0.373
009000 0.033 0.596 0.000 0.371
009500 0.033 0.598 0.000 0.368
010000 0.033 0.602 0.000 0.365
