000000 0.250 0.250 0.250 0.250
000500 0.168 0.428 0.000 0.404
001000 0.159 0.441 0.000 0.400
001500 0.159 0.444 0.000 0.397
002000 0.156 0.450 0.000 0.394
002500 0.154 0.454 0.000 0.392
003000 0.153 0.458 0.000 0.389
003500 0.153 0.461 0.000 0.386
004000 0.151 0.465 0.000 0.384
004500 0.152 0.465 0.000 0.383
005000 0.151 0.468 0.000 0.380
005500 0.152 0.470 0.000 0.378
006000 0.152 0.471 0.000 0.378
006500 0.152 0.472 0.000 0.376
007000 0.152 0.474 0.000 0.375
007500 0.152 0.475 0.000 0.374
008000 0.152 0.474 0.000 0.374
008500 0.152 0.473 0.000 0.374
009000 0.152 0.477 0.000 0.371
009500 0.152 0.477 0.000 0.371
010000 0.152 0.476 0.000 0.371
