000000 0.250 0.250 0.250 0.250
000500 0.055 0.510 0.000 0.435
001000 0.055 0.514 0.000 0.431
001500 0.055 0.519 0.000 0.426
002000 0.055 0.523 0.000 0.422
002500 0.055 0.529 0.000 0.416
003000 0.055 0.532 0.000 0.413
003500 0.055 0.537 0.000 0.408
004000 0.055 0.538 0.000 0.406
004500 0.055 0.540 0.000 0.405
005000 0.055 0.543 0.000 0.402
005500 0.055 0.543 0.000 0.402
006000 0.055 0.546 0.000 0.398
006500 0.055 0.548 0.000 0.397
007000 0.055 0.549 0.000 0.395
007500 0.055 0.551 0.000 0.393
008000 0.055 0.552 0.000 0.393
008500 0.055 0.554 0.000 0.391
009000 0.055 0.554 0.000 0.391
009500 0.055 0.556 0.000 0.389
010000 0.055 0.558 0.000 0.387
