000000 0.250 0.250 0.250 0.250
000500 0.055 0.501 0.000 0.444
001000 0.055 0.503 0.000 0.442
001500 0.055 0.505 0.000 0.440
002000 0.055 0.509 0.000 0.437
002500 0.055 0.512 0.000 0.433
003000 0.055 0.511 0.000 0.434
003500 0.055 0.515 0.000 0.430
004000 0.055 0.516 0.000 0.429
004500 0.055 0.518 0.000 0.427
005000 0.055 0.520 0.000 0.425
005500 0.055 0.524 0.000 0.421
006000 0.055 0.525 0.000 0.420
006500 0.055 0.526 0.000 0.419
007000 0.055 0.527 0.000 0.418
007500 0.055 0.527 0.000 0.418
008000 0.055 0.527 0.000 0.418
008500 0.055 0.529 0.000 0.416
009000 0.055 0.530 0.000 0.416
009500 0.055 0.530 0.000 0.415
010000 0.055 0.531 0.000 0.414
