000000 0.250 0.250 0.250 0.250
000500 0.027 0.582 0.000 0.391
001000 0.026 0.593 0.000 0.381
001500 0.026 0.597 0.000 0.377
002000 0.026 0.602 0.000 0.372
002500 0.026 0.604 0.000 0.370
003000 0.026 0.608 0.000 0.366
003500 0.026 0.612 0.000 0.362
004000 0.026 0.617 0.000 0.357
004500 0.026 0.620 0.000 0.354
005000 0.026 0.623 0.000 0.350
005500 0.026 0.628 0.000 0.346
006000 0.026 0.633 0.000 0.341
006500 0.026 0.638 0.000 0.336
007000 0.026 0.642 0.000 0.331
007500 0.026 0.646 0.000 0.328
008000 0.026 0.647 0.000 0.326
008500 0.026 0.648 0.000 0.326
009000 0.026 0.650 0.000 0.324
009500 0.026 0.653 0.000 0.321
010000 0.026 0.656 0.000 0.318
