000000 0.250 0.250 0.250 0.250
000500 0.098 0.469 0.000 0.433
001000 0.095 0.477 0.000 0.428
001500 0.096 0.483 0.000 0.421
002000 0.094 0.490 0.000 0.416
002500 0.094 0.495 0.000 0.412
003000 0.094 0.497 0.000 0.409
003500 0.094 0.499 0.000 0.407
004000 0.094 0.502 0.000 0.404
004500 0.094 0.505 0.000 0.401
005000 0.093 0.507 0.000 0.400
005500 0.093 0.509 0.000 0.398
006000 0.093 0.513 0.000 0.394
006500 0.093 0.514 0.000 0.393
007000 0.093 0.517 0.000 0.390
007500 0.093 0.518 0.000 0.389
008000 0.093 0.520 0.000 0.387
008500 0.093 0.519 0.000 0.388
009000 0.093 0.522 0.000 0.385
009500 0.093 0.523 0.000 0.384
010000 0.093 0.525 0.000 0.382
