000000 0.250 0.250 0.250 0.250
000500 0.466 0.229 0.000 0.305
001000 0.469 0.225 0.000 0.306
001500 0.471 0.223 0.000 0.306
002000 0.470 0.224 0.000 0.307
002500 0.469 0.225 0.000 0.307
003000 0.470 0.224 0.000 0.306
003500 0.470 0.223 0.000 0.306
004000 0.469 0.224 0.000 0.306
004500 0.470 0.225 0.000 0.306
005000 0.470 0.224 0.000 0.305
005500 0.470 0.224 0.000 0.306
006000 0.471 0.223 0.000 0.306
006500 0.471 0.223 0.000 0.306
007000 0.472 0.222 0.000 0.306
007500 0.473 0.221 0.000 0.307
008000 0.473 0.220 0.000 0.307
008500 0.473 0.221 0.000 0.307
009000 0.473 0.221 0.000 0.306
009500 0.473 0.221 0.000 0.306
010000 0.473 0.221 0.000 0.306
