000000 0.250 0.250 0.250 0.250
000500 0.004 0.784 0.000 0.212
001000 0.003 0.843 0.000 0.155
001500 0.003 0.860 0.000 0.138
002000 0.003 0.867 0.000 0.131
002500 0.003 0.870 0.000 0.127
003000 0.003 0.875 0.000 0.122
003500 0.003 0.879 0.000 0.119
004000 0.003 0.882 0.000 0.115
004500 0.003 0.884 0.000 0.114
005000 0.003 0.885 0.000 0.112
005500 0.003 0.887 0.000 0.110
006000 0.003 0.890 0.000 0.108
006500 0.003 0.892 0.000 0.105
007000 0.003 0.894 0.000 0.104
007500 0.003 0.894 0.000 0.103
008000 0.003 0.897 0.000 0.100
008500 0.003 0.899 0.000 0.098
009000 0.003 0.900 0.000 0.097
009500 0.003 0.902 0.000 0.096
010000 0.003 0.903 0.000 0.094
