000000 0.250 0.250 0.250 0.250
000500 0.023 0.564 0.000 0.413
001000 0.023 0.568 0.000 0.410
001500 0.023 0.569 0.000 0.409
002000 0.023 0.570 0.000 0.407
002500 0.023 0.570 0.000 0.407
003000 0.023 0.573 0.000 0.405
003500 0.023 0.576 0.000 0.402
004000 0.023 0.579 0.000 0.398
004500 0.023 0.579 0.000 0.399
005000 0.023 0.584 0.000 0.393
005500 0.023 0.585 0.000 0.393
006000 0.023 0.587 0.000 0.390
006500 0.023 0.590 0.000 0.388
007000 0.023 0.592 0.000 0.386
007500 0.023 0.594 0.000 0.384
008000 0.023 0.596 0.000 0.381
008500 0.023 0.597 0.000 0.381
009000 0.023 0.601 0.000 0.377
009500 0.023 0.600 0.000 0.377
010000 0.023 0.601 0.000 0.376
