000000 0.250 0.250 0.250 0.250
000500 0.012 0.818 0.000 0.170
001000 0.006 0.891 0.000 0.102
001500 0.005 0.907 0.000 0.089
002000 0.004 0.915 0.000 0.081
002500 0.003 0.922 0.000 0.075
003000 0.003 0.924 0.000 0.073
003500 0.002 0.927 0.000 0.071
004000 0.001 0.930 0.000 0.069
004500 0.002 0.931 0.000 0.067
005000 0.001 0.932 0.000 0.067
005500 0.001 0.936 0.000 0.063
006000 0.001 0.938 0.000 0.061
006500 0.001 0.940 0.000 0.059
007000 0.001 0.943 0.000 0.056
007500 0.001 0.946 0.000 0.053
008000 0.001 0.948 0.000 0.051
008500 0.001 0.951 0.000 0.049
009000 0.001 0.951 0.000 0.048
009500 0.001 0.953 0.000 0.046
010000 0.001 0.956 0.000 0.043
