000000 0.250 0.250 0.250 0.250
000500 0.154 0.230 0.327 0.289
001000 0.126 0.247 0.361 0.266
001500 0.110 0.248 0.368 0.274
002000 0.108 0.255 0.374 0.263
002500 0.113 0.271 0.370 0.246
003000 0.109 0.290 0.375 0.227
003500 0.099 0.310 0.379 0.212
004000 0.125 0.321 0.366 0.188
004500 0.126 0.329 0.359 0.186
005000 0.131 0.325 0.343 0.201
005500 0.139 0.324 0.342 0.195
006000 0.141 0.338 0.342 0.179
006500 0.162 0.327 0.325 0.185
007000 0.177 0.327 0.306 0.190
007500 0.179 0.309 0.308 0.204
008000 0.180 0.301 0.306 0.213
008500 0.163 0.283 0.320 0.234
009000 0.156 0.295 0.328 0.222
009500 0.153 0.294 0.327 0.226
010000 0.153 0.311 0.328 0.208
