000000 0.250 0.250 0.250 0.250
000500 0.030 0.592 0.000 0.378
001000 0.030 0.606 0.000 0.364
001500 0.029 0.615 0.000 0.356
002000 0.029 0.623 0.000 0.348
002500 0.029 0.627 0.000 0.344
003000 0.029 0.630 0.000 0.341
003500 0.029 0.635 0.000 0.336
004000 0.029 0.639 0.000 0.332
004500 0.029 0.641 0.000 0.330
005000 0.029 0.644 0.000 0.327
005500 0.029 0.646 0.000 0.325
006000 0.029 0.649 0.000 0.323
006500 0.029 0.654 0.000 0.317
007000 0.028 0.657 0.000 0.315
007500 0.028 0.659 0.000 0.312
008000 0.028 0.663 0.000 0.308
008500 0.028 0.668 0.000 0.304
009000 0.028 0.670 0.000 0.302
009500 0.028 0.671 0.000 0.300
010000 0.028 0.674 0.000 0.297
