000000 0.250 0.250 0.250 0.250
000500 0.094 0.108 0.397 0.401
001000 0.036 0.093 0.474 0.397
001500 0.017 0.081 0.473 0.429
002000 0.004 0.070 0.482 0.444
002500 0.001 0.073 0.489 0.436
003000 0.001 0.083 0.497 0.419
003500 0.001 0.087 0.492 0.420
004000 0.001 0.092 0.491 0.416
004500 0.002 0.089 0.492 0.417
005000 0.001 0.082 0.501 0.417
005500 0.000 0.102 0.489 0.409
006000 0.000 0.098 0.498 0.404
006500 0.000 0.116 0.504 0.380
007000 0.000 0.135 0.479 0.386
007500 0.000 0.136 0.497 0.367
008000 0.000 0.142 0.497 0.362
008500 0.000 0.143 0.499 0.357
009000 0.000 0.155 0.492 0.353
009500 0.000 0.157 0.501 0.342
010000 0.000 0.164 0.489 0.346
