000000 0.250 0.250 0.250 0.250
000500 0.011 0.634 0.000 0.355
001000 0.011 0.651 0.000 0.339
001500 0.011 0.658 0.000 0.331
002000 0.011 0.660 0.000 0.330
002500 0.011 0.663 0.000 0.326
003000 0.011 0.665 0.000 0.324
003500 0.011 0.667 0.000 0.322
004000 0.011 0.669 0.000 0.320
004500 0.011 0.670 0.000 0.319
005000 0.011 0.671 0.000 0.318
005500 0.011 0.675 0.000 0.314
006000 0.011 0.676 0.000 0.313
006500 0.011 0.676 0.000 0.313
007000 0.011 0.679 0.000 0.310
007500 0.011 0.679 0.000 0.310
008000 0.011 0.680 0.000 0.309
008500 0.011 0.683 0.000 0.306
009000 0.011 0.684 0.000 0.306
009500 0.011 0.686 0.000 0.303
010000 0.011 0.687 0.000 0.302
