000000 0.250 0.250 0.250 0.250
000500 0.163 0.342 0.000 0.495
001000 0.152 0.351 0.000 0.496
001500 0.145 0.361 0.000 0.495
002000 0.141 0.367 0.000 0.493
002500 0.136 0.374 0.000 0.490
003000 0.135 0.378 0.000 0.488
003500 0.134 0.380 0.000 0.486
004000 0.131 0.389 0.000 0.480
004500 0.131 0.389 0.000 0.480
005000 0.131 0.389 0.000 0.480
005500 0.132 0.391 0.000 0.477
006000 0.131 0.393 0.000 0.476
006500 0.130 0.396 0.000 0.474
007000 0.130 0.399 0.000 0.471
007500 0.129 0.398 0.000 0.472
008000 0.129 0.400 0.000 0.470
008500 0.129 0.400 0.000 0.471
009000 0.128 0.403 0.000 0.469
009500 0.128 0.403 0.000 0.469
010000 0.127 0.405 0.000 0.468
