000000 0.250 0.250 0.250 0.250
000500 0.062 0.473 0.000 0.466
001000 0.058 0.482 0.000 0.460
001500 0.057 0.486 0.000 0.457
002000 0.058 0.488 0.000 0.455
002500 0.057 0.494 0.000 0.449
003000 0.056 0.497 0.000 0.447
003500 0.056 0.501 0.000 0.443
004000 0.056 0.506 0.000 0.438
004500 0.056 0.510 0.000 0.434
005000 0.056 0.511 0.000 0.433
005500 0.056 0.513 0.000 0.431
006000 0.056 0.514 0.000 0.430
006500 0.056 0.515 0.000 0.428
007000 0.056 0.518 0.000 0.426
007500 0.056 0.519 0.000 0.426
008000 0.056 0.520 0.000 0.425
008500 0.056 0.521 0.000 0.423
009000 0.056 0.521 0.000 0.423
009500 0.056 0.525 0.000 0.420
010000 0.056 0.525 0.000 0.419
