000000 0.250 0.250 0.250 0.250
000500 0.041 0.025 0.453 0.481
001000 0.016 0.006 0.596 0.382
001500 0.001 0.002 0.668 0.329
002000 0.005 0.002 0.708 0.285
002500 0.004 0.001 0.764 0.231
003000 0.012 0.000 0.787 0.200
003500 0.042 0.000 0.773 0.185
004000 0.063 0.000 0.698 0.238
004500 0.072 0.000 0.600 0.328
005000 0.019 0.000 0.562 0.420
005500 0.006 0.000 0.624 0.371
006000 0.002 0.000 0.665 0.333
006500 0.003 0.000 0.703 0.294
007000 0.004 0.000 0.754 0.243
007500 0.005 0.000 0.782 0.213
008000 0.019 0.000 0.786 0.196
008500 0.050 0.000 0.806 0.144
009000 0.087 0.000 0.729 0.184
009500 0.086 0.000 0.606 0.308
010000 0.032 0.000 0.574 0.393
