000000 0.250 0.250 0.250 0.250
000500 0.007 0.629 0.000 0.364
001000 0.007 0.665 0.000 0.327
001500 0.007 0.693 0.000 0.300
002000 0.007 0.707 0.000 0.286
002500 0.007 0.719 0.000 0.274
003000 0.007 0.727 0.000 0.266
003500 0.007 0.733 0.000 0.260
004000 0.007 0.736 0.000 0.257
004500 0.007 0.737 0.000 0.256
005000 0.007 0.739 0.000 0.254
005500 0.007 0.745 0.000 0.247
006000 0.007 0.748 0.000 0.245
006500 0.007 0.751 0.000 0.242
007000 0.007 0.754 0.000 0.239
007500 0.007 0.758 0.000 0.235
008000 0.007 0.759 0.000 0.234
008500 0.007 0.760 0.000 0.233
009000 0.007 0.763 0.000 0.230
009500 0.007 0.763 0.000 0.230
010000 0.007 0.765 0.000 0.228
