000000 0.250 0.250 0.250 0.250
000500 0.025 0.520 0.000 0.455
001000 0.025 0.524 0.000 0.451
001500 0.025 0.526 0.000 0.449
002000 0.025 0.531 0.000 0.445
002500 0.025 0.531 0.000 0.444
003000 0.025 0.530 0.000 0.445
003500 0.025 0.533 0.000 0.442
004000 0.025 0.536 0.000 0.440
004500 0.025 0.535 0.000 0.440
005000 0.025 0.536 0.000 0.439
005500 0.025 0.538 0.000 0.437
006000 0.025 0.540 0.000 0.436
006500 0.025 0.540 0.000 0.435
007000 0.025 0.542 0.000 0.434
007500 0.025 0.543 0.000 0.433
008000 0.025 0.546 0.000 0.429
008500 0.025 0.546 0.000 0.429
009000 0.025 0.549 0.000 0.426
009500 0.025 0.547 0.000 0.428
010000 0.025 0.548 0.000 0.427
