000000 0.250 0.250 0.250 0.250
000500 0.094 0.484 0.000 0.422
001000 0.091 0.487 0.000 0.422
001500 0.091 0.489 0.000 0.419
002000 0.091 0.491 0.000 0.418
002500 0.091 0.492 0.000 0.417
003000 0.091 0.493 0.000 0.416
003500 0.091 0.497 0.000 0.412
004000 0.091 0.497 0.000 0.412
004500 0.091 0.497 0.000 0.412
005000 0.091 0.497 0.000 0.412
005500 0.091 0.496 0.000 0.413
006000 0.091 0.497 0.000 0.412
006500 0.091 0.499 0.000 0.410
007000 0.091 0.501 0.000 0.408
007500 0.091 0.503 0.000 0.406
008000 0.091 0.504 0.000 0.405
008500 0.091 0.505 0.000 0.404
009000 0.091 0.506 0.000 0.403
009500 0.091 0.507 0.000 0.402
010000 0.091 0.507 0.000 0.402
