000000 0.250 0.250 0.250 0.250
000500 0.020 0.319 0.095 0.566
001000 0.002 0.458 0.101 0.438
001500 0.000 0.597 0.110 0.293
002000 0.000 0.681 0.124 0.195
002500 0.000 0.753 0.121 0.125
003000 0.000 0.780 0.133 0.087
003500 0.000 0.807 0.137 0.055
004000 0.000 0.843 0.131 0.027
004500 0.000 0.858 0.130 0.012
005000 0.000 0.857 0.139 0.004
005500 0.000 0.858 0.138 0.004
006000 0.000 0.862 0.138 0.000
006500 0.000 0.875 0.125 0.000
007000 0.000 0.864 0.136 0.000
007500 0.000 0.871 0.129 0.000
008000 0.000 0.864 0.136 0.000
008500 0.000 0.863 0.138 0.000
009000 0.000 0.861 0.139 0.000
009500 0.000 0.860 0.140 0.000
010000 0.000 0.867 0.133 0.000
