000000 0.250 0.250 0.250 0.250
000500 0.022 0.405 0.060 0.513
001000 0.003 0.518 0.066 0.413
001500 0.002 0.653 0.073 0.272
002000 0.002 0.741 0.076 0.181
002500 0.000 0.820 0.084 0.095
003000 0.000 0.881 0.070 0.050
003500 0.000 0.890 0.082 0.028
004000 0.000 0.907 0.081 0.012
004500 0.000 0.911 0.083 0.005
005000 0.000 0.914 0.083 0.003
005500 0.000 0.914 0.083 0.004
006000 0.000 0.915 0.083 0.002
006500 0.000 0.926 0.073 0.001
007000 0.000 0.917 0.083 0.000
007500 0.000 0.925 0.075 0.000
008000 0.000 0.919 0.081 0.000
008500 0.000 0.905 0.095 0.000
009000 0.000 0.919 0.081 0.000
009500 0.000 0.921 0.079 0.000
010000 0.000 0.916 0.084 0.000
