000000 0.250 0.250 0.250 0.250
000500 0.012 0.569 0.000 0.420
001000 0.012 0.584 0.000 0.405
001500 0.011 0.595 0.000 0.394
002000 0.011 0.598 0.000 0.390
002500 0.011 0.600 0.000 0.388
003000 0.011 0.602 0.000 0.386
003500 0.011 0.608 0.000 0.380
004000 0.011 0.612 0.000 0.376
004500 0.011 0.614 0.000 0.374
005000 0.011 0.618 0.000 0.371
005500 0.011 0.617 0.000 0.372
006000 0.011 0.620 0.000 0.369
006500 0.011 0.621 0.000 0.368
007000 0.011 0.621 0.000 0.367
007500 0.011 0.622 0.000 0.367
008000 0.011 0.625 0.000 0.364
008500 0.011 0.626 0.000 0.363
009000 0.011 0.627 0.000 0.362
009500 0.011 0.627 0.000 0.361
010000 0.011 0.632 0.000 0.356
