000000 0.250 0.250 0.250 0.250
000500 0.077 0.448 0.000 0.475
001000 0.077 0.454 0.000 0.469
001500 0.077 0.458 0.000 0.465
002000 0.077 0.463 0.000 0.460
002500 0.077 0.463 0.000 0.461
003000 0.077 0.464 0.000 0.459
003500 0.077 0.466 0.000 0.457
004000 0.077 0.469 0.000 0.454
004500 0.077 0.471 0.000 0.452
005000 0.077 0.471 0.000 0.452
005500 0.077 0.473 0.000 0.450
006000 0.077 0.473 0.000 0.450
006500 0.077 0.475 0.000 0.449
007000 0.077 0.476 0.000 0.447
007500 0.077 0.478 0.000 0.445
008000 0.077 0.479 0.000 0.444
008500 0.077 0.480 0.000 0.443
009000 0.077 0.481 0.000 0.442
009500 0.077 0.482 0.000 0.441
010000 0.077 0.482 0.000 0.441
