000000 0.250 0.250 0.250 0.250
000500 0.261 0.340 0.164 0.235
001000 0.299 0.374 0.134 0.193
001500 0.308 0.415 0.120 0.157
002000 0.329 0.438 0.103 0.130
002500 0.355 0.469 0.075 0.101
003000 0.371 0.485 0.059 0.085
003500 0.385 0.496 0.050 0.069
004000 0.393 0.519 0.034 0.054
004500 0.401 0.524 0.030 0.046
005000 0.414 0.531 0.019 0.037
005500 0.422 0.535 0.014 0.028
006000 0.420 0.548 0.012 0.020
006500 0.417 0.561 0.010 0.012
007000 0.422 0.562 0.008 0.009
007500 0.421 0.566 0.008 0.005
008000 0.425 0.563 0.006 0.005
008500 0.428 0.566 0.004 0.003
009000 0.423 0.572 0.002 0.002
009500 0.428 0.569 0.002 0.001
010000 0.435 0.563 0.001 0.000
