000000 0.250 0.250 0.250 0.250
000500 0.027 0.493 0.000 0.480
001000 0.020 0.557 0.000 0.423
001500 0.016 0.597 0.000 0.387
002000 0.014 0.622 0.000 0.364
002500 0.012 0.642 0.000 0.346
003000 0.011 0.658 0.000 0.331
003500 0.009 0.671 0.000 0.320
004000 0.008 0.685 0.000 0.307
004500 0.008 0.690 0.000 0.301
005000 0.009 0.696 0.000 0.296
005500 0.008 0.701 0.000 0.291
006000 0.007 0.707 0.000 0.286
006500 0.007 0.711 0.000 0.282
007000 0.007 0.718 0.000 0.275
007500 0.007 0.725 0.000 0.268
008000 0.007 0.732 0.000 0.261
008500 0.007 0.734 0.000 0.259
009000 0.007 0.736 0.000 0.256
009500 0.007 0.742 0.000 0.251
010000 0.007 0.747 0.000 0.246
