000000 0.250 0.250 0.250 0.250
000500 0.046 0.502 0.000 0.453
001000 0.046 0.503 0.000 0.451
001500 0.046 0.505 0.000 0.450
002000 0.046 0.508 0.000 0.446
002500 0.046 0.509 0.000 0.446
003000 0.046 0.510 0.000 0.444
003500 0.046 0.512 0.000 0.442
004000 0.046 0.514 0.000 0.441
004500 0.046 0.517 0.000 0.437
005000 0.046 0.517 0.000 0.437
005500 0.046 0.519 0.000 0.435
006000 0.046 0.518 0.000 0.437
006500 0.046 0.518 0.000 0.437
007000 0.046 0.519 0.000 0.435
007500 0.046 0.519 0.000 0.436
008000 0.046 0.520 0.000 0.434
008500 0.046 0.521 0.000 0.434
009000 0.046 0.521 0.000 0.433
009500 0.046 0.521 0.000 0.433
010000 0.046 0.521 0.000 0.433
