000000 0.250 0.250 0.250 0.250
000500 0.069 0.565 0.071 0.295
001000 0.095 0.740 0.053 0.112
001500 0.131 0.794 0.035 0.040
002000 0.160 0.799 0.027 0.014
002500 0.170 0.805 0.019 0.005
003000 0.179 0.798 0.017 0.007
003500 0.183 0.800 0.015 0.002
004000 0.185 0.796 0.017 0.002
004500 0.191 0.796 0.013 0.001
005000 0.195 0.791 0.014 0.000
005500 0.194 0.793 0.014 0.000
006000 0.188 0.800 0.012 0.000
006500 0.192 0.793 0.014 0.000
007000 0.194 0.792 0.013 0.000
007500 0.197 0.789 0.015 0.000
008000 0.194 0.792 0.013 0.000
008500 0.190 0.794 0.016 0.000
009000 0.196 0.787 0.016 0.000
009500 0.194 0.790 0.016 0.000
010000 0.196 0.791 0.013 0.000
