000000 0.250 0.250 0.250 0.250
000500 0.039 0.509 0.000 0.453
001000 0.039 0.513 0.000 0.448
001500 0.039 0.515 0.000 0.447
002000 0.039 0.518 0.000 0.444
002500 0.039 0.520 0.000 0.441
003000 0.039 0.521 0.000 0.440
003500 0.039 0.520 0.000 0.441
004000 0.039 0.522 0.000 0.440
004500 0.039 0.523 0.000 0.438
005000 0.039 0.524 0.000 0.437
005500 0.039 0.526 0.000 0.436
006000 0.039 0.528 0.000 0.433
006500 0.039 0.530 0.000 0.432
007000 0.039 0.531 0.000 0.431
007500 0.039 0.533 0.000 0.429
008000 0.039 0.535 0.000 0.427
008500 0.039 0.536 0.000 0.426
009000 0.039 0.535 0.000 0.426
009500 0.039 0.537 0.000 0.424
010000 0.039 0.538 0.000 0.424
