000000 0.250 0.250 0.250 0.250
000500 0.087 0.430 0.000 0.482
001000 0.086 0.437 0.000 0.478
001500 0.085 0.439 0.000 0.476
002000 0.086 0.440 0.000 0.475
002500 0.084 0.442 0.000 0.475
003000 0.084 0.443 0.000 0.473
003500 0.084 0.443 0.000 0.473
004000 0.083 0.444 0.000 0.473
004500 0.083 0.446 0.000 0.470
005000 0.083 0.446 0.000 0.470
005500 0.083 0.447 0.000 0.469
006000 0.083 0.446 0.000 0.470
006500 0.083 0.451 0.000 0.466
007000 0.083 0.452 0.000 0.465
007500 0.083 0.453 0.000 0.464
008000 0.083 0.455 0.000 0.462
008500 0.083 0.459 0.000 0.458
009000 0.083 0.459 0.000 0.458
009500 0.083 0.458 0.000 0.459
010000 0.083 0.460 0.000 0.457
