000000 0.250 0.250 0.250 0.250
000500 0.173 0.323 0.000 0.504
001000 0.152 0.342 0.000 0.506
001500 0.143 0.351 0.000 0.507
002000 0.140 0.356 0.000 0.504
002500 0.136 0.363 0.000 0.501
003000 0.133 0.367 0.000 0.499
003500 0.131 0.371 0.000 0.498
004000 0.129 0.375 0.000 0.496
004500 0.127 0.377 0.000 0.495
005000 0.126 0.381 0.000 0.493
005500 0.124 0.385 0.000 0.491
006000 0.126 0.382 0.000 0.491
006500 0.122 0.388 0.000 0.491
007000 0.123 0.387 0.000 0.489
007500 0.122 0.389 0.000 0.490
008000 0.124 0.388 0.000 0.489
008500 0.123 0.391 0.000 0.486
009000 0.120 0.395 0.000 0.485
009500 0.119 0.395 0.000 0.486
010000 0.119 0.396 0.000 0.485
