000000 0.250 0.250 0.250 0.250
000500 0.044 0.292 0.182 0.481
001000 0.025 0.281 0.234 0.460
001500 0.016 0.310 0.235 0.439
002000 0.017 0.319 0.233 0.431
002500 0.014 0.341 0.247 0.398
003000 0.014 0.403 0.247 0.337
003500 0.006 0.423 0.266 0.304
004000 0.010 0.451 0.256 0.283
004500 0.013 0.455 0.255 0.277
005000 0.013 0.487 0.247 0.253
005500 0.010 0.489 0.262 0.238
006000 0.011 0.510 0.249 0.230
006500 0.015 0.544 0.256 0.186
007000 0.017 0.556 0.249 0.177
007500 0.019 0.593 0.244 0.144
008000 0.030 0.620 0.219 0.131
008500 0.036 0.627 0.216 0.121
009000 0.042 0.638 0.212 0.109
009500 0.053 0.671 0.187 0.088
010000 0.062 0.699 0.164 0.075
