000000 0.250 0.250 0.250 0.250
000500 0.029 0.520 0.000 0.451
001000 0.029 0.521 0.000 0.450
001500 0.029 0.522 0.000 0.449
002000 0.029 0.523 0.000 0.448
002500 0.029 0.526 0.000 0.446
003000 0.029 0.527 0.000 0.445
003500 0.029 0.528 0.000 0.443
004000 0.029 0.530 0.000 0.442
004500 0.029 0.532 0.000 0.439
005000 0.029 0.534 0.000 0.437
005500 0.029 0.536 0.000 0.435
006000 0.029 0.536 0.000 0.436
006500 0.029 0.538 0.000 0.433
007000 0.029 0.540 0.000 0.432
007500 0.029 0.540 0.000 0.432
008000 0.029 0.542 0.000 0.430
008500 0.029 0.542 0.000 0.429
009000 0.029 0.546 0.000 0.426
009500 0.029 0.548 0.000 0.423
010000 0.029 0.548 0.000 0.424
