000000 0.250 0.250 0.250 0.250
000500 0.089 0.468 0.000 0.444
001000 0.089 0.470 0.000 0.441
001500 0.089 0.473 0.000 0.438
002000 0.089 0.475 0.000 0.436
002500 0.089 0.477 0.000 0.434
003000 0.089 0.479 0.000 0.433
003500 0.089 0.479 0.000 0.432
004000 0.089 0.483 0.000 0.428
004500 0.089 0.482 0.000 0.430
005000 0.089 0.483 0.000 0.428
005500 0.089 0.483 0.000 0.429
006000 0.089 0.483 0.000 0.428
006500 0.089 0.484 0.000 0.427
007000 0.089 0.484 0.000 0.428
007500 0.089 0.484 0.000 0.427
008000 0.089 0.485 0.000 0.426
008500 0.089 0.486 0.000 0.425
009000 0.089 0.487 0.000 0.424
009500 0.089 0.488 0.000 0.424
010000 0.089 0.490 0.000 0.422
