000000 0.250 0.250 0.250 0.250
000500 0.001 0.817 0.000 0.182
001000 0.001 0.932 0.000 0.068
001500 0.000 0.960 0.000 0.040
002000 0.000 0.970 0.000 0.029
002500 0.000 0.973 0.000 0.027
003000 0.000 0.978 0.000 0.022
003500 0.000 0.979 0.000 0.020
004000 0.000 0.980 0.000 0.020
004500 0.000 0.980 0.000 0.020
005000 0.000 0.981 0.000 0.019
005500 0.000 0.982 0.000 0.018
006000 0.000 0.983 0.000 0.016
006500 0.000 0.984 0.000 0.016
007000 0.000 0.984 0.000 0.015
007500 0.000 0.985 0.000 0.015
008000 0.000 0.986 0.000 0.014
008500 0.000 0.986 0.000 0.014
009000 0.000 0.986 0.000 0.013
009500 0.000 0.987 0.000 0.013
010000 0.000 0.987 0.000 0.013
