000000 0.250 0.250 0.250 0.250
000500 0.058 0.482 0.000 0.460
001000 0.058 0.485 0.000 0.457
001500 0.058 0.484 0.000 0.458
002000 0.058 0.487 0.000 0.456
002500 0.058 0.488 0.000 0.454
003000 0.058 0.490 0.000 0.452
003500 0.058 0.491 0.000 0.451
004000 0.058 0.492 0.000 0.450
004500 0.058 0.493 0.000 0.449
005000 0.058 0.492 0.000 0.450
005500 0.058 0.491 0.000 0.451
006000 0.058 0.492 0.000 0.451
006500 0.058 0.491 0.000 0.451
007000 0.058 0.495 0.000 0.448
007500 0.058 0.493 0.000 0.449
008000 0.058 0.495 0.000 0.448
008500 0.058 0.495 0.000 0.448
009000 0.058 0.495 0.000 0.447
009500 0.058 0.496 0.000 0.446
010000 0.058 0.499 0.000 0.443
