000000 0.250 0.250 0.250 0.250
000500 0.080 0.452 0.000 0.468
001000 0.080 0.453 0.000 0.467
001500 0.080 0.451 0.000 0.469
002000 0.080 0.454 0.000 0.466
002500 0.080 0.455 0.000 0.465
003000 0.080 0.457 0.000 0.463
003500 0.080 0.459 0.000 0.461
004000 0.080 0.459 0.000 0.461
004500 0.080 0.461 0.000 0.459
005000 0.080 0.461 0.000 0.459
005500 0.080 0.460 0.000 0.460
006000 0.080 0.462 0.000 0.458
006500 0.080 0.463 0.000 0.458
007000 0.080 0.462 0.000 0.458
007500 0.080 0.462 0.000 0.459
008000 0.080 0.463 0.000 0.457
008500 0.080 0.464 0.000 0.456
009000 0.080 0.464 0.000 0.456
009500 0.080 0.464 0.000 0.456
010000 0.080 0.464 0.000 0.457
