000000 0.250 0.250 0.250 0.250
000500 0.208 0.363 0.000 0.429
001000 0.201 0.373 0.000 0.426
001500 0.199 0.376 0.000 0.425
002000 0.197 0.375 0.000 0.427
002500 0.195 0.376 0.000 0.429
003000 0.194 0.380 0.000 0.427
003500 0.192 0.380 0.000 0.428
004000 0.192 0.380 0.000 0.428
004500 0.191 0.382 0.000 0.427
005000 0.191 0.381 0.000 0.427
005500 0.191 0.384 0.000 0.425
006000 0.190 0.387 0.000 0.424
006500 0.187 0.390 0.000 0.423
007000 0.188 0.390 0.000 0.422
007500 0.186 0.392 0.000 0.421
008000 0.184 0.394 0.000 0.422
008500 0.186 0.394 0.000 0.420
009000 0.184 0.395 0.000 0.421
009500 0.185 0.396 0.000 0.419
010000 0.185 0.397 0.000 0.418
