000000 0.250 0.250 0.250 0.250
000500 0.013 0.555 0.000 0.432
001000 0.013 0.561 0.000 0.426
001500 0.013 0.563 0.000 0.424
002000 0.013 0.568 0.000 0.419
002500 0.013 0.569 0.000 0.418
003000 0.013 0.569 0.000 0.418
003500 0.013 0.571 0.000 0.416
004000 0.013 0.573 0.000 0.414
004500 0.013 0.575 0.000 0.412
005000 0.013 0.575 0.000 0.412
005500 0.013 0.576 0.000 0.411
006000 0.013 0.577 0.000 0.410
006500 0.013 0.577 0.000 0.410
007000 0.013 0.580 0.000 0.407
007500 0.013 0.580 0.000 0.407
008000 0.013 0.581 0.000 0.407
008500 0.013 0.581 0.000 0.406
009000 0.013 0.580 0.000 0.407
009500 0.013 0.581 0.000 0.406
010000 0.013 0.584 0.000 0.403
