000000 0.250 0.250 0.250 0.250
000500 0.075 0.113 0.426 0.386
001000 0.019 0.071 0.470 0.440
001500 0.006 0.045 0.496 0.453
002000 0.000 0.039 0.497 0.463
002500 0.000 0.033 0.493 0.475
003000 0.000 0.022 0.503 0.475
003500 0.000 0.021 0.486 0.494
004000 0.000 0.019 0.498 0.483
004500 0.000 0.016 0.499 0.485
005000 0.000 0.012 0.494 0.494
005500 0.000 0.009 0.497 0.493
006000 0.000 0.003 0.497 0.500
006500 0.000 0.003 0.491 0.506
007000 0.000 0.002 0.498 0.500
007500 0.000 0.001 0.499 0.500
008000 0.000 0.000 0.502 0.498
008500 0.000 0.000 0.503 0.497
009000 0.000 0.000 0.499 0.501
009500 0.000 0.000 0.493 0.507
010000 0.000 0.000 0.492 0.508
