000000 0.250 0.250 0.250 0.250
000500 0.295 0.179 0.005 0.521
001000 0.138 0.202 0.011 0.650
001500 0.065 0.215 0.004 0.717
002000 0.042 0.226 0.000 0.732
002500 0.036 0.231 0.000 0.734
003000 0.035 0.232 0.000 0.732
003500 0.035 0.235 0.000 0.730
004000 0.033 0.238 0.000 0.729
004500 0.034 0.240 0.000 0.727
005000 0.034 0.240 0.000 0.726
005500 0.032 0.242 0.000 0.726
006000 0.034 0.242 0.000 0.724
006500 0.032 0.247 0.000 0.721
007000 0.032 0.250 0.000 0.719
007500 0.033 0.249 0.000 0.718
008000 0.032 0.251 0.000 0.717
008500 0.031 0.252 0.000 0.717
009000 0.032 0.252 0.000 0.716
009500 0.033 0.252 0.000 0.715
010000 0.032 0.253 0.000 0.715
