000000 0.250 0.250 0.250 0.250
000500 0.065 0.219 0.264 0.452
001000 0.027 0.189 0.309 0.474
001500 0.012 0.167 0.325 0.495
002000 0.007 0.171 0.331 0.491
002500 0.011 0.177 0.328 0.484
003000 0.007 0.182 0.329 0.482
003500 0.004 0.181 0.341 0.474
004000 0.004 0.156 0.332 0.507
004500 0.003 0.143 0.337 0.517
005000 0.000 0.135 0.342 0.523
005500 0.000 0.127 0.339 0.534
006000 0.000 0.129 0.344 0.527
006500 0.000 0.118 0.340 0.542
007000 0.000 0.120 0.345 0.535
007500 0.000 0.123 0.333 0.544
008000 0.000 0.130 0.342 0.529
008500 0.000 0.135 0.336 0.529
009000 0.000 0.138 0.340 0.522
009500 0.000 0.149 0.338 0.513
010000 0.000 0.144 0.344 0.512
