000000 0.250 0.250 0.250 0.250
000500 0.143 0.229 0.346 0.282
001000 0.088 0.216 0.400 0.296
001500 0.054 0.191 0.429 0.325
002000 0.040 0.197 0.453 0.310
002500 0.028 0.197 0.448 0.326
003000 0.027 0.204 0.461 0.309
003500 0.026 0.193 0.457 0.324
004000 0.020 0.171 0.459 0.351
004500 0.016 0.168 0.469 0.347
005000 0.008 0.160 0.473 0.358
005500 0.004 0.146 0.482 0.367
006000 0.007 0.139 0.477 0.377
006500 0.010 0.123 0.475 0.392
007000 0.009 0.128 0.475 0.388
007500 0.010 0.117 0.466 0.407
008000 0.004 0.105 0.481 0.410
008500 0.003 0.089 0.475 0.432
009000 0.000 0.096 0.475 0.428
009500 0.001 0.083 0.479 0.438
010000 0.001 0.083 0.480 0.436
