000000 0.250 0.250 0.250 0.250
000500 0.070 0.465 0.000 0.465
001000 0.070 0.468 0.000 0.462
001500 0.070 0.471 0.000 0.459
002000 0.070 0.472 0.000 0.458
002500 0.070 0.473 0.000 0.457
003000 0.070 0.476 0.000 0.455
003500 0.070 0.476 0.000 0.454
004000 0.070 0.477 0.000 0.453
004500 0.070 0.477 0.000 0.453
005000 0.070 0.479 0.000 0.451
005500 0.070 0.481 0.000 0.450
006000 0.070 0.482 0.000 0.448
006500 0.070 0.482 0.000 0.448
007000 0.070 0.481 0.000 0.449
007500 0.070 0.483 0.000 0.447
008000 0.070 0.485 0.000 0.445
008500 0.070 0.485 0.000 0.445
009000 0.070 0.487 0.000 0.444
009500 0.070 0.487 0.000 0.443
010000 0.070 0.488 0.000 0.443
