000000 0.250 0.250 0.250 0.250
000500 0.003 0.711 0.000 0.286
001000 0.002 0.781 0.000 0.217
001500 0.002 0.810 0.000 0.187
002000 0.002 0.834 0.000 0.164
002500 0.002 0.849 0.000 0.149
003000 0.002 0.853 0.000 0.144
003500 0.002 0.858 0.000 0.140
004000 0.002 0.862 0.000 0.135
004500 0.002 0.865 0.000 0.133
005000 0.002 0.869 0.000 0.129
005500 0.002 0.872 0.000 0.126
006000 0.002 0.875 0.000 0.123
006500 0.002 0.878 0.000 0.119
007000 0.002 0.880 0.000 0.118
007500 0.002 0.882 0.000 0.116
008000 0.002 0.882 0.000 0.115
008500 0.002 0.882 0.000 0.116
009000 0.002 0.883 0.000 0.114
009500 0.002 0.883 0.000 0.115
010000 0.002 0.883 0.000 0.115
