000000 0.250 0.250 0.250 0.250
000500 0.052 0.482 0.000 0.466
001000 0.051 0.485 0.000 0.463
001500 0.051 0.491 0.000 0.457
002000 0.051 0.492 0.000 0.456
002500 0.051 0.494 0.000 0.454
003000 0.051 0.495 0.000 0.454
003500 0.051 0.495 0.000 0.453
004000 0.051 0.498 0.000 0.450
004500 0.051 0.500 0.000 0.448
005000 0.051 0.502 0.000 0.447
005500 0.051 0.503 0.000 0.445
006000 0.051 0.506 0.000 0.443
006500 0.051 0.505 0.000 0.443
007000 0.051 0.508 0.000 0.441
007500 0.051 0.509 0.000 0.440
008000 0.051 0.510 0.000 0.438
008500 0.051 0.512 0.000 0.437
009000 0.051 0.513 0.000 0.436
009500 0.051 0.514 0.000 0.435
010000 0.051 0.514 0.000 0.435
