000000 0.250 0.250 0.250 0.250
000500 0.074 0.455 0.000 0.471
001000 0.073 0.457 0.000 0.469
001500 0.073 0.459 0.000 0.467
002000 0.073 0.460 0.000 0.467
002500 0.073 0.460 0.000 0.466
003000 0.073 0.462 0.000 0.465
003500 0.073 0.462 0.000 0.464
004000 0.073 0.463 0.000 0.464
004500 0.073 0.464 0.000 0.463
005000 0.073 0.465 0.000 0.462
005500 0.073 0.466 0.000 0.460
006000 0.073 0.468 0.000 0.459
006500 0.073 0.470 0.000 0.456
007000 0.073 0.470 0.000 0.456
007500 0.073 0.472 0.000 0.454
008000 0.073 0.472 0.000 0.454
008500 0.073 0.473 0.000 0.454
009000 0.073 0.473 0.000 0.453
009500 0.073 0.474 0.000 0.452
010000 0.073 0.473 0.000 0.454
