000000 0.250 0.250 0.250 0.250
000500 0.002 0.748 0.000 0.250
001000 0.001 0.868 0.000 0.131
001500 0.001 0.904 0.000 0.095
002000 0.001 0.920 0.000 0.079
002500 0.001 0.923 0.000 0.076
003000 0.001 0.929 0.000 0.070
003500 0.001 0.931 0.000 0.068
004000 0.001 0.932 0.000 0.067
004500 0.001 0.934 0.000 0.064
005000 0.001 0.937 0.000 0.062
005500 0.001 0.937 0.000 0.061
006000 0.001 0.939 0.000 0.060
006500 0.001 0.939 0.000 0.060
007000 0.001 0.940 0.000 0.059
007500 0.001 0.941 0.000 0.058
008000 0.001 0.941 0.000 0.058
008500 0.001 0.944 0.000 0.055
009000 0.001 0.944 0.000 0.055
009500 0.001 0.944 0.000 0.055
010000 0.001 0.946 0.000 0.053
