000000 0.250 0.250 0.250 0.250
000500 0.492 0.028 0.319 0.161
001000 0.229 0.015 0.551 0.204
001500 0.131 0.010 0.651 0.208
002000 0.106 0.007 0.684 0.203
002500 0.121 0.007 0.678 0.193
003000 0.105 0.002 0.678 0.214
003500 0.065 0.001 0.710 0.224
004000 0.050 0.000 0.735 0.216
004500 0.038 0.000 0.756 0.206
005000 0.036 0.000 0.776 0.188
005500 0.049 0.000 0.765 0.186
006000 0.070 0.000 0.752 0.179
006500 0.065 0.000 0.742 0.194
007000 0.053 0.000 0.738 0.209
007500 0.037 0.000 0.761 0.203
008000 0.037 0.000 0.760 0.204
008500 0.059 0.000 0.755 0.186
009000 0.080 0.000 0.724 0.196
009500 0.062 0.000 0.731 0.207
010000 0.073 0.000 0.731 0.196
