000000 0.250 0.250 0.250 0.250
000500 0.015 0.561 0.000 0.424
001000 0.015 0.576 0.000 0.409
001500 0.015 0.581 0.000 0.404
002000 0.015 0.584 0.000 0.401
002500 0.015 0.587 0.000 0.398
003000 0.015 0.590 0.000 0.395
003500 0.015 0.592 0.000 0.393
004000 0.015 0.595 0.000 0.391
004500 0.015 0.596 0.000 0.389
005000 0.015 0.597 0.000 0.389
005500 0.015 0.597 0.000 0.388
006000 0.015 0.599 0.000 0.386
006500 0.015 0.602 0.000 0.384
007000 0.015 0.602 0.000 0.384
007500 0.015 0.602 0.000 0.383
008000 0.015 0.603 0.000 0.382
008500 0.015 0.605 0.000 0.380
009000 0.015 0.607 0.000 0.378
009500 0.015 0.607 0.000 0.378
010000 0.015 0.609 0.000 0.377
