000000 0.250 0.250 0.250 0.250
000500 0.036 0.434 0.001 0.529
001000 0.028 0.511 0.000 0.461
001500 0.021 0.564 0.000 0.415
002000 0.019 0.596 0.000 0.384
002500 0.019 0.623 0.000 0.358
003000 0.018 0.645 0.000 0.336
003500 0.017 0.670 0.000 0.314
004000 0.016 0.687 0.000 0.298
004500 0.015 0.701 0.000 0.284
005000 0.015 0.705 0.000 0.280
005500 0.013 0.713 0.000 0.274
006000 0.013 0.720 0.000 0.267
006500 0.013 0.726 0.000 0.261
007000 0.012 0.730 0.000 0.257
007500 0.012 0.738 0.000 0.250
008000 0.010 0.742 0.000 0.247
008500 0.011 0.747 0.000 0.242
009000 0.013 0.753 0.000 0.233
009500 0.012 0.763 0.000 0.225
010000 0.012 0.769 0.000 0.219
