000000 0.250 0.250 0.250 0.250
000500 0.005 0.637 0.000 0.357
001000 0.005 0.689 0.000 0.306
001500 0.005 0.706 0.000 0.289
002000 0.005 0.723 0.000 0.272
002500 0.005 0.731 0.000 0.264
003000 0.005 0.740 0.000 0.255
003500 0.005 0.745 0.000 0.250
004000 0.005 0.748 0.000 0.247
004500 0.005 0.755 0.000 0.240
005000 0.005 0.760 0.000 0.235
005500 0.005 0.764 0.000 0.231
006000 0.005 0.765 0.000 0.230
006500 0.005 0.768 0.000 0.227
007000 0.005 0.769 0.000 0.226
007500 0.005 0.772 0.000 0.223
008000 0.005 0.776 0.000 0.219
008500 0.005 0.778 0.000 0.217
009000 0.005 0.779 0.000 0.216
009500 0.005 0.780 0.000 0.215
010000 0.005 0.780 0.000 0.216
