000000 0.250 0.250 0.250 0.250
000500 0.019 0.419 0.080 0.482
001000 0.003 0.583 0.088 0.327
001500 0.002 0.702 0.091 0.204
002000 0.002 0.810 0.087 0.101
002500 0.002 0.861 0.099 0.038
003000 0.003 0.879 0.100 0.018
003500 0.006 0.891 0.095 0.009
004000 0.005 0.901 0.089 0.004
004500 0.004 0.889 0.104 0.003
005000 0.003 0.897 0.100 0.000
005500 0.003 0.900 0.098 0.000
006000 0.003 0.897 0.100 0.000
006500 0.003 0.898 0.100 0.000
007000 0.002 0.895 0.103 0.000
007500 0.003 0.895 0.102 0.000
008000 0.002 0.893 0.105 0.000
008500 0.000 0.901 0.098 0.000
009000 0.000 0.896 0.104 0.000
009500 0.000 0.902 0.098 0.000
010000 0.000 0.900 0.100 0.000
