000000 0.250 0.250 0.250 0.250
000500 0.166 0.402 0.000 0.432
001000 0.161 0.409 0.000 0.431
001500 0.154 0.416 0.000 0.430
002000 0.153 0.418 0.000 0.429
002500 0.152 0.422 0.000 0.426
003000 0.150 0.427 0.000 0.424
003500 0.150 0.426 0.000 0.424
004000 0.149 0.427 0.000 0.423
004500 0.147 0.430 0.000 0.424
005000 0.146 0.430 0.000 0.424
005500 0.147 0.430 0.000 0.422
006000 0.146 0.433 0.000 0.422
006500 0.145 0.435 0.000 0.420
007000 0.144 0.437 0.000 0.420
007500 0.144 0.438 0.000 0.418
008000 0.144 0.438 0.000 0.418
008500 0.144 0.438 0.000 0.418
009000 0.143 0.438 0.000 0.419
009500 0.143 0.439 0.000 0.418
010000 0.143 0.440 0.000 0.417
