000000 0.250 0.250 0.250 0.250
000500 0.154 0.530 0.094 0.222
001000 0.163 0.646 0.085 0.107
001500 0.171 0.704 0.078 0.048
002000 0.185 0.725 0.065 0.026
002500 0.192 0.745 0.054 0.009
003000 0.206 0.747 0.044 0.002
003500 0.215 0.747 0.038 0.000
004000 0.214 0.752 0.035 0.000
004500 0.220 0.752 0.028 0.000
005000 0.226 0.749 0.025 0.000
005500 0.229 0.751 0.020 0.000
006000 0.232 0.753 0.015 0.000
006500 0.235 0.753 0.013 0.000
007000 0.239 0.750 0.011 0.000
007500 0.244 0.749 0.008 0.000
008000 0.241 0.751 0.008 0.000
008500 0.241 0.752 0.007 0.000
009000 0.246 0.749 0.006 0.000
009500 0.245 0.752 0.004 0.000
010000 0.247 0.751 0.002 0.000
