000000 0.250 0.250 0.250 0.250
000500 0.050 0.490 0.000 0.459
001000 0.049 0.496 0.000 0.455
001500 0.049 0.501 0.000 0.450
002000 0.049 0.505 0.000 0.446
002500 0.049 0.507 0.000 0.444
003000 0.049 0.511 0.000 0.440
003500 0.049 0.516 0.000 0.435
004000 0.049 0.521 0.000 0.430
004500 0.049 0.523 0.000 0.428
005000 0.049 0.524 0.000 0.426
005500 0.049 0.529 0.000 0.421
006000 0.049 0.531 0.000 0.420
006500 0.049 0.533 0.000 0.418
007000 0.049 0.533 0.000 0.418
007500 0.049 0.536 0.000 0.415
008000 0.049 0.539 0.000 0.412
008500 0.049 0.539 0.000 0.412
009000 0.049 0.542 0.000 0.409
009500 0.049 0.544 0.000 0.407
010000 0.049 0.544 0.000 0.407
