000000 0.250 0.250 0.250 0.250
000500 0.068 0.463 0.000 0.469
001000 0.068 0.465 0.000 0.468
001500 0.068 0.468 0.000 0.464
002000 0.068 0.468 0.000 0.465
002500 0.068 0.470 0.000 0.463
003000 0.068 0.469 0.000 0.464
003500 0.068 0.471 0.000 0.461
004000 0.068 0.472 0.000 0.460
004500 0.068 0.471 0.000 0.461
005000 0.068 0.474 0.000 0.458
005500 0.068 0.477 0.000 0.456
006000 0.068 0.479 0.000 0.453
006500 0.068 0.479 0.000 0.454
007000 0.068 0.479 0.000 0.453
007500 0.068 0.481 0.000 0.452
008000 0.068 0.480 0.000 0.452
008500 0.068 0.482 0.000 0.451
009000 0.068 0.482 0.000 0.451
009500 0.068 0.483 0.000 0.449
010000 0.068 0.484 0.000 0.449
