000000 0.250 0.250 0.250 0.250
000500 0.115 0.413 0.000 0.472
001000 0.110 0.421 0.000 0.468
001500 0.108 0.426 0.000 0.466
002000 0.106 0.430 0.000 0.465
002500 0.105 0.432 0.000 0.463
003000 0.104 0.432 0.000 0.464
003500 0.103 0.435 0.000 0.462
004000 0.102 0.437 0.000 0.461
004500 0.102 0.437 0.000 0.461
005000 0.102 0.439 0.000 0.459
005500 0.102 0.440 0.000 0.458
006000 0.102 0.440 0.000 0.458
006500 0.102 0.441 0.000 0.457
007000 0.101 0.443 0.000 0.456
007500 0.102 0.445 0.000 0.453
008000 0.102 0.445 0.000 0.453
008500 0.101 0.444 0.000 0.454
009000 0.102 0.443 0.000 0.455
009500 0.101 0.445 0.000 0.454
010000 0.102 0.445 0.000 0.453
