000000 0.250 0.250 0.250 0.250
000500 0.013 0.771 0.034 0.182
001000 0.016 0.921 0.036 0.028
001500 0.018 0.938 0.039 0.004
002000 0.021 0.942 0.035 0.002
002500 0.025 0.944 0.031 0.000
003000 0.027 0.938 0.035 0.000
003500 0.033 0.937 0.031 0.000
004000 0.039 0.934 0.028 0.000
004500 0.040 0.930 0.030 0.000
005000 0.045 0.930 0.025 0.000
005500 0.045 0.929 0.026 0.000
006000 0.046 0.925 0.029 0.000
006500 0.047 0.929 0.025 0.000
007000 0.047 0.926 0.027 0.000
007500 0.047 0.927 0.026 0.000
008000 0.053 0.920 0.027 0.000
008500 0.053 0.922 0.025 0.000
009000 0.057 0.917 0.025 0.000
009500 0.058 0.919 0.023 0.000
010000 0.055 0.917 0.028 0.000
