000000 0.250 0.250 0.250 0.250
000500 0.042 0.484 0.000 0.473
001000 0.042 0.487 0.000 0.471
001500 0.042 0.490 0.000 0.468
002000 0.042 0.491 0.000 0.467
002500 0.042 0.493 0.000 0.464
003000 0.042 0.495 0.000 0.463
003500 0.042 0.497 0.000 0.461
004000 0.042 0.497 0.000 0.461
004500 0.042 0.497 0.000 0.460
005000 0.042 0.499 0.000 0.459
005500 0.042 0.499 0.000 0.458
006000 0.042 0.502 0.000 0.456
006500 0.042 0.502 0.000 0.456
007000 0.042 0.501 0.000 0.456
007500 0.042 0.502 0.000 0.456
008000 0.042 0.503 0.000 0.455
008500 0.042 0.503 0.000 0.455
009000 0.042 0.503 0.000 0.454
009500 0.042 0.504 0.000 0.453
010000 0.042 0.505 0.000 0.453
