000000 0.250 0.250 0.250 0.250
000500 0.032 0.144 0.085 0.739
001000 0.000 0.155 0.104 0.741
001500 0.000 0.174 0.112 0.714
002000 0.000 0.204 0.106 0.689
002500 0.000 0.232 0.114 0.654
003000 0.000 0.260 0.116 0.624
003500 0.000 0.313 0.109 0.578
004000 0.000 0.347 0.124 0.529
004500 0.000 0.378 0.128 0.494
005000 0.000 0.411 0.122 0.466
005500 0.000 0.436 0.131 0.432
006000 0.000 0.468 0.135 0.397
006500 0.000 0.532 0.127 0.341
007000 0.000 0.534 0.144 0.322
007500 0.000 0.568 0.135 0.297
008000 0.000 0.606 0.144 0.250
008500 0.000 0.634 0.155 0.211
009000 0.000 0.665 0.147 0.188
009500 0.000 0.662 0.159 0.179
010000 0.000 0.700 0.146 0.154
