000000 0.250 0.250 0.250 0.250
000500 0.057 0.459 0.000 0.484
001000 0.045 0.486 0.000 0.469
001500 0.042 0.503 0.000 0.456
002000 0.040 0.517 0.000 0.444
002500 0.034 0.528 0.000 0.438
003000 0.032 0.535 0.000 0.433
003500 0.031 0.543 0.000 0.426
004000 0.031 0.547 0.000 0.422
004500 0.032 0.552 0.000 0.416
005000 0.030 0.557 0.000 0.414
005500 0.030 0.562 0.000 0.408
006000 0.031 0.566 0.000 0.403
006500 0.030 0.569 0.000 0.400
007000 0.030 0.574 0.000 0.396
007500 0.029 0.579 0.000 0.393
008000 0.028 0.586 0.000 0.386
008500 0.028 0.587 0.000 0.385
009000 0.028 0.590 0.000 0.381
009500 0.028 0.594 0.000 0.378
010000 0.028 0.598 0.000 0.374
