000000 0.250 0.250 0.250 0.250
000500 0.089 0.456 0.000 0.455
001000 0.089 0.460 0.000 0.450
001500 0.089 0.460 0.000 0.451
002000 0.089 0.462 0.000 0.449
002500 0.089 0.466 0.000 0.445
003000 0.089 0.466 0.000 0.445
003500 0.089 0.467 0.000 0.443
004000 0.089 0.467 0.000 0.444
004500 0.089 0.468 0.000 0.443
005000 0.089 0.469 0.000 0.441
005500 0.089 0.472 0.000 0.438
006000 0.089 0.471 0.000 0.439
006500 0.089 0.471 0.000 0.439
007000 0.089 0.471 0.000 0.439
007500 0.089 0.472 0.000 0.438
008000 0.089 0.474 0.000 0.437
008500 0.089 0.473 0.000 0.438
009000 0.089 0.473 0.000 0.438
009500 0.089 0.472 0.000 0.438
010000 0.089 0.473 0.000 0.437
