000000 0.250 0.250 0.250 0.250
000500 0.022 0.526 0.059 0.393
001000 0.014 0.719 0.063 0.204
001500 0.014 0.840 0.067 0.080
002000 0.018 0.884 0.075 0.023
002500 0.018 0.901 0.074 0.007
003000 0.022 0.908 0.068 0.002
003500 0.026 0.906 0.068 0.000
004000 0.030 0.905 0.065 0.000
004500 0.034 0.905 0.061 0.000
005000 0.042 0.893 0.065 0.000
005500 0.050 0.895 0.055 0.000
006000 0.051 0.889 0.059 0.000
006500 0.059 0.888 0.053 0.000
007000 0.064 0.889 0.046 0.000
007500 0.062 0.886 0.052 0.000
008000 0.062 0.883 0.055 0.000
008500 0.059 0.885 0.055 0.000
009000 0.064 0.881 0.055 0.000
009500 0.066 0.883 0.051 0.000
010000 0.066 0.884 0.050 0.000
