000000 0.250 0.250 0.250 0.250
000500 0.017 0.572 0.062 0.348
001000 0.019 0.753 0.066 0.162
001500 0.027 0.846 0.065 0.063
002000 0.037 0.886 0.061 0.017
002500 0.046 0.892 0.059 0.002
003000 0.056 0.888 0.056 0.001
003500 0.065 0.888 0.048 0.000
004000 0.070 0.884 0.046 0.000
004500 0.084 0.870 0.047 0.000
005000 0.084 0.876 0.040 0.000
005500 0.087 0.871 0.042 0.000
006000 0.090 0.864 0.047 0.000
006500 0.095 0.868 0.037 0.000
007000 0.100 0.862 0.038 0.000
007500 0.103 0.857 0.039 0.000
008000 0.100 0.864 0.035 0.000
008500 0.104 0.866 0.030 0.000
009000 0.110 0.861 0.030 0.000
009500 0.105 0.860 0.034 0.000
010000 0.101 0.862 0.037 0.000
