000000 0.250 0.250 0.250 0.250
000500 0.012 0.553 0.000 0.435
001000 0.012 0.573 0.000 0.415
001500 0.012 0.576 0.000 0.412
002000 0.012 0.582 0.000 0.406
002500 0.012 0.581 0.000 0.407
003000 0.012 0.585 0.000 0.403
003500 0.012 0.586 0.000 0.402
004000 0.012 0.587 0.000 0.401
004500 0.012 0.591 0.000 0.397
005000 0.012 0.593 0.000 0.395
005500 0.012 0.592 0.000 0.396
006000 0.012 0.592 0.000 0.396
006500 0.012 0.594 0.000 0.394
007000 0.012 0.596 0.000 0.392
007500 0.012 0.597 0.000 0.390
008000 0.012 0.601 0.000 0.387
008500 0.012 0.603 0.000 0.385
009000 0.012 0.602 0.000 0.386
009500 0.012 0.603 0.000 0.385
010000 0.012 0.603 0.000 0.385
