000000 0.250 0.250 0.250 0.250
000500 0.150 0.396 0.000 0.454
001000 0.143 0.404 0.000 0.453
001500 0.141 0.410 0.000 0.449
002000 0.139 0.413 0.000 0.448
002500 0.139 0.419 0.000 0.443
003000 0.139 0.419 0.000 0.442
003500 0.139 0.420 0.000 0.440
004000 0.139 0.422 0.000 0.438
004500 0.139 0.421 0.000 0.440
005000 0.139 0.422 0.000 0.439
005500 0.139 0.424 0.000 0.437
006000 0.140 0.424 0.000 0.436
006500 0.139 0.425 0.000 0.436
007000 0.139 0.425 0.000 0.436
007500 0.139 0.425 0.000 0.435
008000 0.139 0.426 0.000 0.435
008500 0.139 0.428 0.000 0.433
009000 0.139 0.427 0.000 0.434
009500 0.139 0.425 0.000 0.435
010000 0.139 0.427 0.000 0.434
