000000 0.250 0.250 0.250 0.250
000500 0.064 0.474 0.000 0.462
001000 0.061 0.480 0.000 0.459
001500 0.061 0.483 0.000 0.456
002000 0.060 0.490 0.000 0.450
002500 0.060 0.494 0.000 0.446
003000 0.060 0.496 0.000 0.444
003500 0.060 0.499 0.000 0.441
004000 0.060 0.504 0.000 0.436
004500 0.060 0.508 0.000 0.432
005000 0.060 0.511 0.000 0.429
005500 0.060 0.510 0.000 0.430
006000 0.060 0.512 0.000 0.427
006500 0.060 0.513 0.000 0.427
007000 0.060 0.515 0.000 0.425
007500 0.060 0.516 0.000 0.424
008000 0.060 0.517 0.000 0.423
008500 0.060 0.516 0.000 0.424
009000 0.060 0.518 0.000 0.422
009500 0.060 0.522 0.000 0.418
010000 0.060 0.522 0.000 0.418
