000000 0.250 0.250 0.250 0.250
000500 0.020 0.529 0.000 0.451
001000 0.020 0.534 0.000 0.446
001500 0.020 0.538 0.000 0.443
002000 0.020 0.540 0.000 0.440
002500 0.020 0.543 0.000 0.437
003000 0.020 0.547 0.000 0.433
003500 0.020 0.549 0.000 0.431
004000 0.020 0.552 0.000 0.428
004500 0.020 0.553 0.000 0.427
005000 0.020 0.555 0.000 0.425
005500 0.020 0.559 0.000 0.422
006000 0.020 0.560 0.000 0.420
006500 0.020 0.562 0.000 0.419
007000 0.020 0.562 0.000 0.418
007500 0.020 0.563 0.000 0.417
008000 0.020 0.563 0.000 0.417
008500 0.020 0.568 0.000 0.412
009000 0.020 0.570 0.000 0.410
009500 0.020 0.573 0.000 0.407
010000 0.020 0.573 0.000 0.407
