000000 0.250 0.250 0.250 0.250
000500 0.031 0.523 0.000 0.446
001000 0.031 0.526 0.000 0.443
001500 0.031 0.530 0.000 0.439
002000 0.031 0.533 0.000 0.436
002500 0.031 0.536 0.000 0.432
003000 0.031 0.537 0.000 0.432
003500 0.031 0.540 0.000 0.429
004000 0.031 0.542 0.000 0.427
004500 0.031 0.543 0.000 0.425
005000 0.031 0.546 0.000 0.423
005500 0.031 0.546 0.000 0.423
006000 0.031 0.549 0.000 0.420
006500 0.031 0.549 0.000 0.420
007000 0.031 0.550 0.000 0.419
007500 0.031 0.552 0.000 0.417
008000 0.031 0.553 0.000 0.416
008500 0.031 0.552 0.000 0.417
009000 0.031 0.553 0.000 0.416
009500 0.031 0.555 0.000 0.414
010000 0.031 0.556 0.000 0.412
