000000 0.250 0.250 0.250 0.250
000500 0.134 0.133 0.405 0.328
001000 0.072 0.126 0.459 0.342
001500 0.064 0.135 0.467 0.334
002000 0.062 0.146 0.464 0.327
002500 0.055 0.176 0.475 0.294
003000 0.057 0.201 0.466 0.276
003500 0.048 0.224 0.478 0.250
004000 0.058 0.253 0.462 0.227
004500 0.085 0.284 0.425 0.207
005000 0.094 0.287 0.426 0.193
005500 0.111 0.301 0.405 0.183
006000 0.128 0.300 0.388 0.184
006500 0.140 0.312 0.378 0.169
007000 0.133 0.304 0.389 0.173
007500 0.135 0.324 0.378 0.163
008000 0.121 0.326 0.397 0.155
008500 0.149 0.326 0.371 0.154
009000 0.152 0.325 0.369 0.153
009500 0.176 0.324 0.340 0.160
010000 0.180 0.314 0.332 0.174
010500 0.156 0.319 0.363 0.161
011000 0.153 0.310 0.363 0.174
011500 0.125 0.301 0.387 0.187
012000 0.137 0.278 0.391 0.195
012500 0.122 0.263 0.399 0.217
013000 0.129 0.273 0.390 0.208
013500 0.127 0.280 0.390 0.202
014000 0.143 0.275 0.386 0.196
014500 0.133 0.272 0.387 0.209
015000 0.153 0.242 0.364 0.241
015500 0.139 0.220 0.390 0.250
016000 0.133 0.223 0.394 0.249
016500 0.111 0.217 0.415 0.257
017000 0.079 0.226 0.443 0.252
017500 0.081 0.269 0.442 0.209
018000 0.092 0.284 0.427 0.197
018500 0.103 0.282 0.410 0.205
019000 0.113 0.301 0.408 0.178
019500 0.129 0.323 0.390 0.158
020000 0.159 0.322 0.360 0.160
020500 0.156 0.324 0.362 0.159
021000 0.159 0.324 0.361 0.156
021500 0.156 0.315 0.362 0.167
022000 0.142 0.293 0.388 0.177
022500 0.159 0.311 0.360 0.170
023000 0.159 0.300 0.364 0.178
023500 0.166 0.300 0.350 0.185
024000 0.171 0.285 0.356 0.187
024500 0.158 0.261 0.367 0.214
025000 0.144 0.247 0.369 0.240
025500 0.139 0.236 0.389 0.236
026000 0.132 0.246 0.401 0.221
026500 0.105 0.245 0.417 0.234
027000 0.095 0.262 0.432 0.211
027500 0.125 0.271 0.397 0.207
028000 0.126 0.280 0.394 0.200
028500 0.145 0.282 0.385 0.189
029000 0.179 0.295 0.351 0.175
029500 0.157 0.302 0.368 0.173
030000 0.150 0.299 0.375 0.175
030500 0.124 0.297 0.392 0.187
031000 0.121 0.299 0.401 0.179
031500 0.124 0.308 0.400 0.169
032000 0.126 0.326 0.397 0.150
032500 0.161 0.330 0.355 0.154
033000 0.184 0.315 0.342 0.159
033500 0.211 0.307 0.315 0.167
034000 0.218 0.292 0.315 0.175
034500 0.181 0.280 0.343 0.196
035000 0.152 0.269 0.366 0.213
035500 0.141 0.266 0.378 0.215
036000 0.111 0.251 0.411 0.227
036500 0.131 0.259 0.393 0.217
037000 0.143 0.265 0.378 0.214
037500 0.145 0.267 0.374 0.213
038000 0.158 0.259 0.371 0.212
038500 0.127 0.236 0.400 0.237
039000 0.117 0.243 0.405 0.235
039500 0.109 0.237 0.416 0.238
040000 0.096 0.245 0.428 0.232
040500 0.124 0.241 0.408 0.228
041000 0.125 0.245 0.407 0.223
041500 0.134 0.251 0.388 0.227
042000 0.142 0.232 0.387 0.239
042500 0.131 0.226 0.394 0.249
043000 0.130 0.231 0.402 0.237
043500 0.132 0.249 0.394 0.226
044000 0.132 0.251 0.378 0.239
044500 0.114 0.256 0.420 0.210
045000 0.121 0.281 0.405 0.193
045500 0.130 0.280 0.389 0.201
046000 0.147 0.291 0.370 0.192
046500 0.143 0.272 0.376 0.209
047000 0.137 0.245 0.397 0.222
047500 0.141 0.248 0.383 0.228
048000 0.127 0.245 0.398 0.230
048500 0.124 0.255 0.393 0.228
049000 0.129 0.252 0.400 0.218
049500 0.136 0.282 0.375 0.206
050000 0.138 0.255 0.384 0.223
050500 0.157 0.247 0.377 0.220
051000 0.156 0.256 0.373 0.215
051500 0.143 0.262 0.383 0.211
052000 0.147 0.271 0.376 0.206
052500 0.135 0.256 0.384 0.225
053000 0.150 0.248 0.387 0.214
053500 0.160 0.242 0.366 0.233
054000 0.145 0.214 0.393 0.248
054500 0.099 0.210 0.432 0.260
055000 0.085 0.237 0.441 0.238
055500 0.079 0.246 0.449 0.226
056000 0.097 0.273 0.429 0.202
056500 0.112 0.284 0.415 0.189
057000 0.113 0.285 0.412 0.191
057500 0.115 0.277 0.401 0.206
058000 0.128 0.274 0.398 0.200
058500 0.139 0.277 0.390 0.194
059000 0.113 0.264 0.409 0.213
059500 0.103 0.264 0.419 0.214
060000 0.123 0.273 0.394 0.209
060500 0.139 0.285 0.376 0.201
061000 0.123 0.289 0.395 0.193
061500 0.106 0.277 0.415 0.201
062000 0.110 0.301 0.404 0.186
062500 0.111 0.295 0.412 0.183
063000 0.136 0.296 0.378 0.190
063500 0.165 0.270 0.364 0.201
064000 0.156 0.278 0.366 0.200
064500 0.143 0.253 0.386 0.219
065000 0.121 0.275 0.397 0.207
065500 0.125 0.282 0.403 0.190
066000 0.123 0.282 0.393 0.203
066500 0.130 0.268 0.405 0.197
067000 0.129 0.288 0.388 0.195
067500 0.135 0.288 0.389 0.188
068000 0.123 0.267 0.395 0.215
068500 0.111 0.250 0.416 0.223
069000 0.095 0.250 0.428 0.227
069500 0.107 0.280 0.414 0.199
070000 0.121 0.289 0.392 0.198
070500 0.133 0.282 0.391 0.194
071000 0.138 0.297 0.379 0.186
071500 0.138 0.318 0.378 0.166
072000 0.149 0.335 0.370 0.146
072500 0.181 0.345 0.342 0.132
073000 0.203 0.339 0.321 0.137
073500 0.215 0.312 0.311 0.162
074000 0.207 0.281 0.319 0.193
074500 0.195 0.269 0.326 0.211
075000 0.167 0.224 0.368 0.241
075500 0.113 0.217 0.417 0.253
076000 0.094 0.221 0.422 0.263
076500 0.107 0.241 0.415 0.237
077000 0.092 0.267 0.425 0.216
077500 0.113 0.281 0.413 0.193
078000 0.116 0.297 0.403 0.184
078500 0.124 0.299 0.391 0.186
079000 0.139 0.297 0.378 0.185
079500 0.120 0.308 0.400 0.172
080000 0.109 0.318 0.414 0.159
080500 0.130 0.326 0.393 0.151
081000 0.140 0.353 0.372 0.135
081500 0.151 0.366 0.369 0.115
082000 0.185 0.381 0.326 0.108
082500 0.230 0.369 0.291 0.110
083000 0.250 0.353 0.276 0.121
083500 0.248 0.323 0.273 0.156
084000 0.216 0.311 0.307 0.165
084500 0.181 0.269 0.347 0.204
085000 0.133 0.249 0.390 0.228
085500 0.132 0.240 0.393 0.234
086000 0.109 0.243 0.407 0.240
086500 0.098 0.241 0.432 0.228
087000 0.100 0.248 0.421 0.231
087500 0.116 0.251 0.410 0.223
088000 0.113 0.254 0.413 0.220
088500 0.102 0.259 0.414 0.226
089000 0.097 0.254 0.430 0.219
089500 0.092 0.287 0.429 0.192
090000 0.097 0.302 0.429 0.172
090500 0.114 0.304 0.410 0.172
091000 0.129 0.304 0.394 0.173
091500 0.138 0.298 0.384 0.180
092000 0.146 0.295 0.373 0.186
092500 0.145 0.307 0.376 0.172
093000 0.146 0.294 0.381 0.179
093500 0.153 0.270 0.375 0.202
094000 0.152 0.268 0.366 0.214
094500 0.119 0.245 0.408 0.228
095000 0.130 0.254 0.399 0.217
095500 0.145 0.248 0.383 0.224
096000 0.147 0.245 0.378 0.230
096500 0.131 0.230 0.399 0.240
097000 0.117 0.238 0.413 0.231
097500 0.108 0.248 0.416 0.228
098000 0.112 0.265 0.415 0.209
098500 0.124 0.296 0.394 0.186
099000 0.146 0.307 0.376 0.171
099500 0.145 0.296 0.378 0.181
100000 0.154 0.279 0.373 0.194
100500 0.126 0.273 0.401 0.200
101000 0.126 0.289 0.388 0.197
101500 0.150 0.271 0.372 0.207
102000 0.138 0.272 0.395 0.195
102500 0.154 0.281 0.365 0.200
103000 0.152 0.289 0.371 0.188
103500 0.152 0.287 0.368 0.193
104000 0.147 0.271 0.369 0.213
104500 0.140 0.271 0.384 0.205
105000 0.136 0.261 0.391 0.212
105500 0.137 0.278 0.383 0.203
106000 0.144 0.263 0.388 0.205
106500 0.136 0.262 0.399 0.203
107000 0.139 0.279 0.385 0.197
107500 0.147 0.277 0.378 0.198
108000 0.144 0.262 0.380 0.214
108500 0.141 0.248 0.385 0.225
109000 0.119 0.254 0.398 0.229
109500 0.121 0.257 0.407 0.215
110000 0.107 0.281 0.409 0.203
110500 0.111 0.294 0.410 0.185
111000 0.131 0.299 0.386 0.184
111500 0.156 0.302 0.365 0.177
112000 0.159 0.303 0.363 0.175
112500 0.131 0.281 0.389 0.199
113000 0.128 0.286 0.389 0.197
113500 0.143 0.269 0.381 0.207
114000 0.136 0.266 0.386 0.212
114500 0.129 0.268 0.399 0.204
115000 0.109 0.265 0.413 0.213
115500 0.108 0.276 0.407 0.209
116000 0.125 0.271 0.410 0.194
116500 0.128 0.290 0.387 0.195
117000 0.128 0.296 0.398 0.179
117500 0.138 0.302 0.379 0.182
118000 0.138 0.281 0.379 0.202
118500 0.134 0.271 0.395 0.200
119000 0.147 0.272 0.384 0.196
119500 0.146 0.284 0.384 0.185
120000 0.147 0.303 0.372 0.178
120500 0.169 0.288 0.358 0.185
121000 0.141 0.280 0.381 0.197
121500 0.129 0.284 0.393 0.193
122000 0.149 0.282 0.380 0.188
122500 0.175 0.300 0.341 0.184
123000 0.198 0.303 0.333 0.166
123500 0.189 0.288 0.336 0.187
124000 0.173 0.263 0.354 0.210
124500 0.156 0.265 0.382 0.197
125000 0.151 0.273 0.376 0.200
125500 0.144 0.269 0.375 0.212
126000 0.119 0.262 0.409 0.211
126500 0.120 0.280 0.406 0.194
127000 0.134 0.275 0.383 0.208
127500 0.125 0.271 0.400 0.204
128000 0.130 0.285 0.388 0.196
128500 0.150 0.279 0.379 0.193
129000 0.155 0.270 0.373 0.201
129500 0.141 0.246 0.392 0.220
130000 0.143 0.233 0.392 0.232
130500 0.138 0.227 0.395 0.240
131000 0.128 0.234 0.405 0.233
131500 0.115 0.238 0.411 0.236
132000 0.113 0.237 0.414 0.236
132500 0.111 0.247 0.415 0.228
133000 0.105 0.252 0.419 0.224
133500 0.090 0.278 0.428 0.204
134000 0.096 0.292 0.418 0.193
134500 0.098 0.289 0.428 0.185
135000 0.126 0.295 0.396 0.183
135500 0.148 0.302 0.377 0.172
136000 0.165 0.316 0.349 0.170
136500 0.163 0.289 0.363 0.185
137000 0.144 0.282 0.371 0.203
137500 0.124 0.282 0.401 0.193
138000 0.119 0.284 0.408 0.188
138500 0.127 0.315 0.380 0.178
139000 0.134 0.300 0.389 0.178
139500 0.137 0.312 0.380 0.171
140000 0.138 0.342 0.382 0.139
140500 0.161 0.369 0.351 0.119
141000 0.183 0.358 0.339 0.120
141500 0.190 0.348 0.332 0.131
142000 0.217 0.338 0.305 0.141
142500 0.211 0.307 0.318 0.164
143000 0.183 0.285 0.341 0.191
143500 0.150 0.258 0.373 0.218
144000 0.112 0.253 0.412 0.223
144500 0.118 0.258 0.412 0.212
145000 0.106 0.264 0.417 0.212
145500 0.121 0.252 0.402 0.225
146000 0.140 0.264 0.388 0.208
146500 0.117 0.254 0.404 0.225
147000 0.131 0.257 0.392 0.220
147500 0.144 0.252 0.385 0.219
148000 0.151 0.273 0.373 0.203
148500 0.144 0.252 0.382 0.222
149000 0.130 0.260 0.395 0.215
149500 0.135 0.267 0.396 0.202
150000 0.128 0.278 0.392 0.202
150500 0.127 0.273 0.391 0.210
151000 0.129 0.273 0.397 0.200
151500 0.131 0.278 0.395 0.196
152000 0.126 0.289 0.398 0.186
152500 0.123 0.288 0.393 0.197
153000 0.111 0.284 0.414 0.191
153500 0.145 0.309 0.378 0.169
154000 0.173 0.284 0.355 0.188
154500 0.171 0.294 0.350 0.185
155000 0.180 0.268 0.346 0.206
155500 0.163 0.266 0.369 0.202
156000 0.155 0.269 0.370 0.207
156500 0.119 0.249 0.405 0.228
157000 0.125 0.248 0.407 0.221
157500 0.139 0.241 0.389 0.232
158000 0.114 0.250 0.406 0.229
158500 0.101 0.242 0.423 0.234
159000 0.111 0.254 0.416 0.219
159500 0.126 0.290 0.405 0.179
160000 0.131 0.303 0.388 0.178
160500 0.149 0.299 0.379 0.172
161000 0.169 0.306 0.351 0.174
161500 0.175 0.287 0.348 0.190
162000 0.167 0.254 0.365 0.214
162500 0.159 0.260 0.369 0.212
163000 0.156 0.250 0.369 0.225
163500 0.120 0.253 0.396 0.231
164000 0.102 0.268 0.419 0.211
164500 0.104 0.283 0.418 0.195
165000 0.118 0.290 0.407 0.185
165500 0.130 0.285 0.397 0.189
166000 0.145 0.315 0.374 0.166
166500 0.176 0.304 0.354 0.166
167000 0.183 0.296 0.336 0.185
167500 0.160 0.307 0.357 0.176
168000 0.163 0.288 0.362 0.186
168500 0.155 0.271 0.380 0.194
169000 0.139 0.274 0.385 0.202
169500 0.140 0.271 0.381 0.207
170000 0.141 0.274 0.382 0.203
170500 0.126 0.277 0.394 0.203
171000 0.114 0.275 0.404 0.207
171500 0.120 0.299 0.400 0.181
172000 0.137 0.299 0.388 0.176
172500 0.135 0.302 0.378 0.185
173000 0.142 0.297 0.385 0.177
173500 0.148 0.282 0.385 0.185
174000 0.162 0.285 0.355 0.197
174500 0.170 0.298 0.357 0.175
175000 0.169 0.289 0.355 0.187
175500 0.161 0.268 0.362 0.209
176000 0.159 0.263 0.363 0.215
176500 0.164 0.258 0.355 0.224
177000 0.153 0.228 0.377 0.243
177500 0.099 0.200 0.433 0.268
178000 0.085 0.202 0.444 0.269
178500 0.090 0.236 0.438 0.237
179000 0.101 0.259 0.422 0.218
179500 0.091 0.294 0.416 0.199
180000 0.126 0.314 0.390 0.171
180500 0.136 0.305 0.377 0.182
181000 0.160 0.304 0.369 0.168
181500 0.168 0.288 0.358 0.186
182000 0.160 0.274 0.372 0.194
182500 0.150 0.271 0.382 0.197
183000 0.129 0.269 0.396 0.206
183500 0.137 0.264 0.388 0.211
184000 0.120 0.274 0.396 0.210
184500 0.117 0.278 0.404 0.201
185000 0.122 0.292 0.403 0.182
185500 0.130 0.305 0.382 0.183
186000 0.147 0.296 0.377 0.180
186500 0.162 0.308 0.364 0.166
187000 0.166 0.301 0.350 0.182
187500 0.147 0.284 0.379 0.190
188000 0.141 0.300 0.380 0.180
188500 0.133 0.288 0.392 0.186
189000 0.153 0.292 0.372 0.183
189500 0.163 0.284 0.353 0.200
190000 0.173 0.266 0.362 0.199
190500 0.155 0.273 0.367 0.204
191000 0.134 0.256 0.385 0.226
191500 0.127 0.268 0.392 0.213
192000 0.139 0.278 0.385 0.198
192500 0.149 0.277 0.379 0.195
193000 0.140 0.273 0.387 0.200
193500 0.153 0.293 0.367 0.186
194000 0.138 0.282 0.384 0.196
194500 0.134 0.262 0.389 0.214
195000 0.124 0.252 0.409 0.215
195500 0.100 0.252 0.424 0.225
196000 0.095 0.275 0.426 0.204
196500 0.101 0.289 0.424 0.186
197000 0.110 0.298 0.419 0.174
197500 0.133 0.322 0.380 0.165
198000 0.157 0.317 0.369 0.157
198500 0.139 0.306 0.380 0.174
199000 0.167 0.296 0.358 0.179
199500 0.173 0.278 0.354 0.195
200000 0.172 0.255 0.355 0.218
200500 0.136 0.226 0.392 0.246
201000 0.123 0.224 0.409 0.244
201500 0.099 0.228 0.424 0.249
202000 0.108 0.244 0.417 0.232
202500 0.129 0.269 0.393 0.209
203000 0.121 0.279 0.405 0.194
203500 0.111 0.284 0.414 0.191
204000 0.122 0.317 0.393 0.167
204500 0.129 0.315 0.382 0.174
205000 0.126 0.305 0.391 0.177
205500 0.155 0.315 0.364 0.166
206000 0.165 0.305 0.362 0.168
206500 0.155 0.307 0.361 0.177
207000 0.130 0.316 0.385 0.170
207500 0.143 0.311 0.371 0.175
208000 0.153 0.290 0.369 0.188
208500 0.135 0.290 0.383 0.192
209000 0.115 0.271 0.401 0.213
209500 0.122 0.260 0.398 0.220
210000 0.123 0.257 0.403 0.217
210500 0.134 0.259 0.390 0.217
211000 0.152 0.252 0.378 0.218
211500 0.133 0.246 0.392 0.229
212000 0.112 0.236 0.420 0.232
212500 0.123 0.233 0.416 0.229
213000 0.114 0.249 0.410 0.227
213500 0.112 0.236 0.417 0.234
214000 0.109 0.234 0.425 0.231
214500 0.097 0.230 0.428 0.246
215000 0.087 0.226 0.440 0.247
215500 0.095 0.269 0.430 0.205
216000 0.104 0.283 0.417 0.196
216500 0.126 0.293 0.397 0.185
217000 0.133 0.313 0.380 0.174
217500 0.146 0.302 0.368 0.185
218000 0.164 0.299 0.358 0.180
218500 0.157 0.296 0.368 0.179
219000 0.146 0.301 0.370 0.183
219500 0.153 0.295 0.371 0.180
220000 0.159 0.290 0.372 0.178
220500 0.164 0.271 0.369 0.197
221000 0.161 0.250 0.369 0.221
221500 0.134 0.237 0.395 0.234
222000 0.112 0.238 0.425 0.225
222500 0.123 0.254 0.401 0.222
223000 0.146 0.256 0.379 0.219
223500 0.149 0.255 0.374 0.223
224000 0.142 0.249 0.380 0.229
224500 0.151 0.246 0.376 0.227
225000 0.135 0.246 0.394 0.226
225500 0.117 0.241 0.414 0.229
226000 0.095 0.239 0.437 0.229
226500 0.111 0.254 0.421 0.214
227000 0.137 0.267 0.394 0.202
227500 0.146 0.284 0.380 0.190
228000 0.153 0.294 0.372 0.182
228500 0.145 0.281 0.384 0.190
229000 0.168 0.276 0.353 0.203
229500 0.136 0.272 0.387 0.205
230000 0.130 0.301 0.381 0.189
230500 0.132 0.308 0.387 0.173
231000 0.139 0.327 0.379 0.154
231500 0.165 0.327 0.359 0.150
232000 0.189 0.319 0.329 0.163
232500 0.199 0.314 0.321 0.166
233000 0.202 0.280 0.327 0.191
233500 0.189 0.259 0.342 0.210
234000 0.166 0.230 0.367 0.236
234500 0.145 0.246 0.381 0.229
235000 0.116 0.233 0.404 0.248
235500 0.102 0.250 0.425 0.224
236000 0.102 0.277 0.415 0.206
236500 0.103 0.275 0.430 0.192
237000 0.105 0.297 0.421 0.177
237500 0.117 0.297 0.408 0.178
238000 0.123 0.317 0.390 0.170
238500 0.148 0.315 0.380 0.157
239000 0.160 0.323 0.361 0.156
239500 0.174 0.306 0.349 0.170
240000 0.179 0.281 0.352 0.187
240500 0.167 0.262 0.366 0.205
241000 0.139 0.239 0.392 0.230
241500 0.138 0.228 0.381 0.253
242000 0.114 0.224 0.407 0.255
242500 0.108 0.234 0.424 0.234
243000 0.087 0.250 0.433 0.230
243500 0.104 0.257 0.416 0.223
244000 0.122 0.272 0.400 0.206
244500 0.130 0.256 0.398 0.216
245000 0.124 0.267 0.406 0.204
245500 0.132 0.270 0.392 0.206
246000 0.128 0.268 0.400 0.204
246500 0.108 0.270 0.414 0.208
247000 0.111 0.252 0.426 0.211
247500 0.093 0.276 0.424 0.207
248000 0.089 0.269 0.432 0.211
248500 0.081 0.291 0.437 0.192
249000 0.087 0.297 0.437 0.179
249500 0.114 0.314 0.406 0.166
250000 0.139 0.311 0.389 0.161
250500 0.124 0.334 0.398 0.144
251000 0.128 0.359 0.387 0.126
251500 0.174 0.375 0.338 0.113
252000 0.188 0.363 0.328 0.121
252500 0.172 0.325 0.354 0.149
253000 0.164 0.304 0.366 0.165
253500 0.170 0.285 0.349 0.197
254000 0.154 0.257 0.368 0.220
254500 0.143 0.248 0.387 0.223
255000 0.145 0.235 0.388 0.231
255500 0.108 0.203 0.421 0.268
256000 0.089 0.207 0.438 0.265
256500 0.076 0.231 0.442 0.251
257000 0.081 0.252 0.452 0.215
257500 0.091 0.282 0.433 0.195
258000 0.104 0.302 0.428 0.166
258500 0.105 0.331 0.416 0.148
259000 0.125 0.346 0.387 0.142
259500 0.122 0.345 0.394 0.139
260000 0.142 0.353 0.375 0.129
260500 0.174 0.355 0.347 0.124
261000 0.205 0.342 0.324 0.129
261500 0.216 0.338 0.301 0.146
262000 0.216 0.303 0.304 0.177
262500 0.180 0.256 0.354 0.210
263000 0.132 0.241 0.394 0.232
263500 0.120 0.259 0.411 0.210
264000 0.117 0.272 0.404 0.207
264500 0.139 0.276 0.389 0.196
265000 0.145 0.271 0.377 0.207
265500 0.136 0.269 0.388 0.207
266000 0.129 0.282 0.394 0.195
266500 0.152 0.270 0.378 0.200
267000 0.153 0.277 0.368 0.202
267500 0.134 0.278 0.393 0.196
268000 0.142 0.297 0.374 0.187
268500 0.117 0.317 0.405 0.161
269000 0.125 0.328 0.392 0.155
269500 0.142 0.327 0.379 0.152
270000 0.148 0.320 0.381 0.152
270500 0.169 0.297 0.355 0.179
271000 0.164 0.289 0.358 0.190
271500 0.134 0.270 0.390 0.207
272000 0.133 0.267 0.399 0.201
272500 0.126 0.275 0.396 0.203
273000 0.145 0.276 0.380 0.199
273500 0.177 0.277 0.352 0.193
274000 0.136 0.250 0.382 0.231
274500 0.133 0.254 0.395 0.218
275000 0.134 0.270 0.393 0.203
275500 0.124 0.281 0.407 0.188
276000 0.131 0.301 0.385 0.182
276500 0.155 0.278 0.369 0.197
277000 0.130 0.269 0.393 0.207
277500 0.136 0.256 0.398 0.210
278000 0.126 0.268 0.402 0.203
278500 0.133 0.298 0.384 0.186
279000 0.131 0.298 0.389 0.181
279500 0.133 0.293 0.399 0.175
280000 0.137 0.319 0.382 0.163
280500 0.154 0.331 0.370 0.145
281000 0.168 0.336 0.358 0.138
281500 0.176 0.343 0.338 0.143
282000 0.151 0.317 0.369 0.163
282500 0.160 0.314 0.359 0.168
283000 0.177 0.300 0.345 0.179
283500 0.173 0.296 0.351 0.180
284000 0.167 0.301 0.354 0.178
284500 0.178 0.281 0.348 0.193
285000 0.163 0.292 0.354 0.191
285500 0.163 0.286 0.351 0.200
286000 0.149 0.268 0.374 0.209
286500 0.142 0.268 0.375 0.216
287000 0.135 0.284 0.388 0.193
287500 0.140 0.276 0.387 0.197
288000 0.140 0.279 0.384 0.197
288500 0.161 0.271 0.367 0.202
289000 0.145 0.277 0.373 0.205
289500 0.140 0.263 0.388 0.209
290000 0.141 0.270 0.379 0.210
290500 0.112 0.261 0.411 0.216
291000 0.136 0.263 0.386 0.215
291500 0.144 0.259 0.377 0.220
292000 0.133 0.255 0.393 0.219
292500 0.137 0.257 0.389 0.217
293000 0.149 0.263 0.380 0.208
293500 0.139 0.248 0.391 0.223
294000 0.137 0.261 0.379 0.223
294500 0.128 0.250 0.392 0.229
295000 0.138 0.255 0.391 0.217
295500 0.132 0.238 0.396 0.234
296000 0.128 0.264 0.395 0.213
296500 0.135 0.280 0.395 0.190
297000 0.137 0.276 0.384 0.203
297500 0.129 0.288 0.388 0.195
298000 0.121 0.289 0.402 0.189
298500 0.142 0.308 0.383 0.168
299000 0.139 0.311 0.368 0.182
299500 0.155 0.297 0.364 0.184
300000 0.143 0.284 0.381 0.192
300500 0.143 0.278 0.380 0.200
301000 0.147 0.287 0.374 0.191
301500 0.152 0.286 0.365 0.197
302000 0.144 0.274 0.377 0.205
302500 0.155 0.271 0.365 0.209
303000 0.158 0.282 0.365 0.196
303500 0.136 0.281 0.387 0.195
304000 0.130 0.283 0.390 0.197
304500 0.142 0.278 0.381 0.200
305000 0.142 0.270 0.382 0.206
305500 0.135 0.274 0.385 0.206
306000 0.156 0.268 0.369 0.207
306500 0.138 0.262 0.386 0.215
307000 0.109 0.295 0.407 0.189
307500 0.121 0.294 0.406 0.180
308000 0.128 0.283 0.402 0.187
308500 0.138 0.296 0.382 0.183
309000 0.135 0.307 0.385 0.173
309500 0.130 0.304 0.389 0.177
310000 0.135 0.300 0.384 0.181
310500 0.146 0.307 0.373 0.174
311000 0.149 0.284 0.374 0.193
311500 0.157 0.265 0.370 0.207
312000 0.141 0.272 0.390 0.197
312500 0.155 0.284 0.366 0.195
313000 0.155 0.280 0.367 0.198
313500 0.110 0.279 0.405 0.207
314000 0.098 0.284 0.425 0.194
314500 0.094 0.305 0.424 0.177
315000 0.104 0.325 0.415 0.157
315500 0.122 0.333 0.394 0.151
316000 0.124 0.352 0.393 0.131
316500 0.146 0.351 0.379 0.124
317000 0.171 0.363 0.340 0.127
317500 0.177 0.352 0.344 0.126
318000 0.174 0.352 0.343 0.131
318500 0.201 0.329 0.318 0.152
319000 0.202 0.296 0.338 0.163
319500 0.175 0.268 0.348 0.208
320000 0.185 0.255 0.342 0.218
320500 0.147 0.226 0.387 0.239
321000 0.124 0.240 0.392 0.245
321500 0.118 0.216 0.411 0.255
322000 0.109 0.216 0.413 0.263
322500 0.110 0.208 0.420 0.262
323000 0.088 0.213 0.432 0.267
323500 0.073 0.229 0.459 0.240
324000 0.076 0.248 0.451 0.225
324500 0.096 0.276 0.421 0.207
325000 0.133 0.279 0.394 0.194
325500 0.156 0.285 0.373 0.186
326000 0.131 0.295 0.386 0.187
326500 0.110 0.310 0.407 0.172
327000 0.114 0.307 0.406 0.174
327500 0.122 0.326 0.400 0.152
328000 0.138 0.345 0.385 0.132
328500 0.138 0.352 0.374 0.136
329000 0.158 0.363 0.361 0.118
329500 0.193 0.362 0.331 0.114
330000 0.216 0.364 0.304 0.115
330500 0.219 0.349 0.303 0.129
331000 0.185 0.326 0.335 0.154
331500 0.167 0.294 0.354 0.185
332000 0.163 0.287 0.350 0.200
332500 0.179 0.261 0.355 0.205
333000 0.156 0.243 0.383 0.218
333500 0.137 0.252 0.388 0.223
334000 0.133 0.263 0.393 0.210
334500 0.132 0.274 0.381 0.212
335000 0.132 0.260 0.398 0.210
335500 0.128 0.262 0.406 0.204
336000 0.103 0.284 0.404 0.209
336500 0.098 0.276 0.414 0.211
337000 0.103 0.281 0.422 0.194
337500 0.136 0.289 0.391 0.184
338000 0.145 0.288 0.386 0.181
338500 0.150 0.300 0.374 0.175
339000 0.164 0.299 0.359 0.178
339500 0.180 0.294 0.347 0.180
340000 0.181 0.283 0.344 0.192
340500 0.177 0.254 0.355 0.215
341000 0.168 0.248 0.350 0.234
341500 0.138 0.230 0.392 0.240
342000 0.124 0.239 0.404 0.233
342500 0.121 0.233 0.401 0.245
343000 0.109 0.244 0.416 0.231
343500 0.121 0.263 0.400 0.215
344000 0.126 0.268 0.399 0.207
344500 0.122 0.272 0.394 0.212
345000 0.141 0.291 0.387 0.181
345500 0.154 0.301 0.376 0.169
346000 0.163 0.292 0.355 0.191
346500 0.158 0.279 0.358 0.205
347000 0.147 0.273 0.376 0.204
347500 0.152 0.260 0.370 0.218
348000 0.143 0.250 0.388 0.219
348500 0.146 0.255 0.373 0.226
349000 0.145 0.255 0.380 0.220
349500 0.144 0.258 0.385 0.212
350000 0.143 0.263 0.376 0.217
350500 0.144 0.264 0.378 0.214
351000 0.134 0.238 0.389 0.239
351500 0.126 0.262 0.395 0.217
352000 0.146 0.257 0.383 0.213
352500 0.129 0.280 0.393 0.198
353000 0.122 0.290 0.402 0.186
353500 0.135 0.278 0.394 0.193
354000 0.147 0.282 0.380 0.190
354500 0.155 0.274 0.373 0.199
355000 0.158 0.269 0.373 0.200
355500 0.163 0.250 0.363 0.224
356000 0.151 0.237 0.375 0.237
356500 0.149 0.242 0.372 0.237
357000 0.127 0.221 0.406 0.245
357500 0.127 0.237 0.398 0.238
358000 0.129 0.246 0.386 0.239
358500 0.102 0.237 0.420 0.242
359000 0.097 0.244 0.425 0.233
359500 0.118 0.241 0.412 0.228
360000 0.126 0.252 0.400 0.222
360500 0.128 0.252 0.403 0.217
361000 0.122 0.249 0.399 0.230
361500 0.124 0.243 0.406 0.227
362000 0.126 0.251 0.401 0.222
362500 0.123 0.246 0.401 0.231
363000 0.118 0.252 0.405 0.224
363500 0.116 0.265 0.402 0.217
364000 0.123 0.258 0.403 0.215
364500 0.104 0.273 0.421 0.203
365000 0.097 0.305 0.426 0.172
365500 0.117 0.316 0.398 0.169
366000 0.137 0.318 0.381 0.163
366500 0.135 0.294 0.397 0.175
367000 0.149 0.287 0.373 0.191
367500 0.151 0.297 0.359 0.193
368000 0.158 0.292 0.366 0.184
368500 0.167 0.303 0.350 0.179
369000 0.142 0.283 0.379 0.196
369500 0.134 0.283 0.395 0.188
370000 0.134 0.281 0.388 0.197
370500 0.132 0.296 0.386 0.187
371000 0.139 0.302 0.390 0.169
371500 0.136 0.304 0.386 0.173
372000 0.151 0.307 0.376 0.166
372500 0.182 0.312 0.347 0.159
373000 0.186 0.289 0.344 0.181
373500 0.180 0.281 0.349 0.190
374000 0.154 0.274 0.373 0.199
374500 0.129 0.288 0.386 0.196
375000 0.157 0.271 0.378 0.195
375500 0.157 0.260 0.377 0.206
376000 0.145 0.261 0.380 0.214
376500 0.149 0.246 0.379 0.226
377000 0.131 0.238 0.398 0.234
377500 0.129 0.237 0.405 0.229
378000 0.118 0.248 0.405 0.229
378500 0.127 0.248 0.400 0.225
379000 0.107 0.277 0.415 0.200
379500 0.108 0.293 0.408 0.190
380000 0.087 0.307 0.441 0.166
380500 0.085 0.325 0.429 0.161
381000 0.101 0.353 0.407 0.138
381500 0.107 0.331 0.408 0.153
382000 0.140 0.329 0.379 0.152
382500 0.154 0.325 0.357 0.164
383000 0.157 0.308 0.364 0.171
383500 0.149 0.307 0.377 0.167
384000 0.150 0.295 0.377 0.178
384500 0.175 0.278 0.344 0.203
385000 0.173 0.246 0.349 0.232
385500 0.163 0.235 0.375 0.226
386000 0.112 0.221 0.415 0.252
386500 0.090 0.235 0.438 0.237
387000 0.093 0.253 0.431 0.223
387500 0.087 0.280 0.447 0.185
388000 0.099 0.327 0.418 0.156
388500 0.141 0.362 0.375 0.122
389000 0.164 0.364 0.354 0.118
389500 0.203 0.369 0.317 0.112
390000 0.216 0.377 0.295 0.112
390500 0.220 0.351 0.304 0.125
391000 0.211 0.309 0.316 0.165
391500 0.177 0.287 0.341 0.195
392000 0.159 0.276 0.360 0.205
392500 0.155 0.253 0.368 0.224
393000 0.127 0.248 0.386 0.239
393500 0.110 0.246 0.418 0.226
394000 0.098 0.247 0.436 0.220
394500 0.113 0.275 0.411 0.202
395000 0.109 0.285 0.405 0.201
395500 0.133 0.290 0.393 0.184
396000 0.140 0.314 0.379 0.168
396500 0.161 0.290 0.358 0.192
397000 0.146 0.290 0.380 0.184
397500 0.145 0.283 0.381 0.190
398000 0.141 0.286 0.382 0.191
398500 0.149 0.284 0.383 0.184
399000 0.136 0.289 0.391 0.184
399500 0.144 0.292 0.379 0.186
400000 0.153 0.289 0.376 0.182
400500 0.173 0.297 0.353 0.177
401000 0.183 0.286 0.344 0.187
401500 0.187 0.268 0.345 0.200
402000 0.156 0.249 0.375 0.220
402500 0.118 0.260 0.407 0.215
403000 0.124 0.245 0.404 0.227
403500 0.124 0.246 0.406 0.224
404000 0.111 0.257 0.411 0.221
404500 0.118 0.240 0.409 0.233
405000 0.102 0.246 0.416 0.237
405500 0.091 0.234 0.431 0.244
406000 0.093 0.223 0.443 0.240
406500 0.086 0.253 0.434 0.227
407000 0.088 0.252 0.447 0.213
407500 0.091 0.267 0.432 0.211
408000 0.110 0.293 0.403 0.193
408500 0.111 0.290 0.413 0.185
409000 0.106 0.300 0.421 0.174
409500 0.120 0.316 0.401 0.164
410000 0.134 0.315 0.388 0.162
410500 0.150 0.310 0.370 0.170
411000 0.163 0.298 0.365 0.175
411500 0.167 0.286 0.362 0.186
412000 0.160 0.269 0.370 0.201
412500 0.153 0.256 0.379 0.211
413000 0.133 0.254 0.389 0.224
413500 0.133 0.236 0.389 0.242
414000 0.117 0.228 0.421 0.235
414500 0.114 0.237 0.412 0.237
415000 0.106 0.270 0.418 0.206
415500 0.103 0.285 0.421 0.192
416000 0.116 0.283 0.407 0.194
416500 0.144 0.288 0.384 0.184
417000 0.152 0.280 0.377 0.191
417500 0.159 0.279 0.365 0.196
418000 0.155 0.261 0.375 0.208
418500 0.126 0.246 0.407 0.221
419000 0.132 0.264 0.391 0.213
419500 0.125 0.238 0.406 0.230
420000 0.123 0.233 0.391 0.253
420500 0.118 0.240 0.407 0.235
421000 0.111 0.239 0.416 0.234
421500 0.104 0.261 0.419 0.216
422000 0.113 0.276 0.402 0.208
422500 0.119 0.270 0.399 0.211
423000 0.105 0.279 0.406 0.210
423500 0.134 0.284 0.396 0.186
424000 0.141 0.281 0.377 0.201
424500 0.130 0.257 0.399 0.214
425000 0.135 0.262 0.392 0.211
425500 0.147 0.268 0.375 0.211
426000 0.148 0.260 0.380 0.212
426500 0.144 0.246 0.384 0.226
427000 0.119 0.241 0.410 0.230
427500 0.094 0.237 0.438 0.231
428000 0.096 0.253 0.432 0.218
428500 0.110 0.266 0.413 0.211
429000 0.124 0.264 0.404 0.209
429500 0.119 0.279 0.405 0.197
430000 0.119 0.297 0.394 0.190
430500 0.117 0.293 0.404 0.186
431000 0.114 0.297 0.404 0.186
431500 0.134 0.304 0.387 0.175
432000 0.160 0.289 0.371 0.180
432500 0.180 0.295 0.342 0.183
433000 0.191 0.268 0.333 0.208
433500 0.165 0.249 0.365 0.221
434000 0.150 0.263 0.377 0.209
434500 0.129 0.279 0.386 0.206
435000 0.117 0.273 0.404 0.206
435500 0.096 0.278 0.430 0.195
436000 0.094 0.308 0.419 0.179
436500 0.104 0.317 0.414 0.165
437000 0.108 0.348 0.407 0.136
437500 0.138 0.347 0.388 0.127
438000 0.144 0.347 0.376 0.133
438500 0.165 0.351 0.344 0.140
439000 0.173 0.332 0.346 0.149
439500 0.173 0.334 0.346 0.148
440000 0.181 0.316 0.345 0.158
440500 0.187 0.316 0.339 0.158
441000 0.190 0.315 0.334 0.161
441500 0.173 0.304 0.343 0.180
442000 0.163 0.282 0.363 0.191
442500 0.164 0.283 0.365 0.189
443000 0.154 0.259 0.372 0.215
443500 0.146 0.251 0.385 0.218
444000 0.137 0.240 0.394 0.230
444500 0.135 0.243 0.387 0.235
445000 0.128 0.234 0.403 0.235
445500 0.092 0.251 0.433 0.224
446000 0.113 0.262 0.408 0.216
446500 0.127 0.278 0.395 0.199
447000 0.125 0.275 0.405 0.195
447500 0.104 0.283 0.417 0.196
448000 0.109 0.285 0.407 0.199
448500 0.121 0.289 0.406 0.184
449000 0.134 0.296 0.393 0.177
449500 0.157 0.292 0.371 0.180
450000 0.165 0.274 0.366 0.195
450500 0.134 0.270 0.387 0.210
451000 0.132 0.259 0.396 0.212
451500 0.120 0.250 0.401 0.229
452000 0.118 0.231 0.407 0.245
452500 0.124 0.233 0.401 0.242
453000 0.128 0.249 0.398 0.225
453500 0.125 0.230 0.405 0.240
454000 0.121 0.215 0.413 0.251
454500 0.094 0.234 0.430 0.242
455000 0.104 0.241 0.418 0.236
455500 0.115 0.224 0.410 0.251
456000 0.133 0.231 0.397 0.239
456500 0.120 0.223 0.413 0.244
457000 0.120 0.238 0.406 0.236
457500 0.102 0.233 0.427 0.238
458000 0.083 0.250 0.438 0.230
458500 0.085 0.265 0.438 0.213
459000 0.108 0.292 0.410 0.190
459500 0.134 0.323 0.386 0.157
460000 0.143 0.336 0.373 0.147
460500 0.133 0.330 0.383 0.155
461000 0.145 0.335 0.373 0.147
461500 0.146 0.332 0.374 0.148
462000 0.163 0.345 0.350 0.142
462500 0.186 0.332 0.335 0.147
463000 0.194 0.337 0.322 0.147
463500 0.191 0.304 0.332 0.173
464000 0.187 0.287 0.326 0.201
464500 0.180 0.261 0.355 0.203
465000 0.129 0.269 0.389 0.213
465500 0.108 0.270 0.417 0.205
466000 0.113 0.286 0.398 0.203
466500 0.141 0.289 0.378 0.191
467000 0.149 0.285 0.379 0.187
467500 0.144 0.279 0.384 0.194
468000 0.139 0.268 0.386 0.206
468500 0.112 0.275 0.408 0.205
469000 0.108 0.277 0.422 0.192
469500 0.123 0.307 0.395 0.174
470000 0.138 0.307 0.388 0.167
470500 0.140 0.301 0.382 0.178
471000 0.131 0.296 0.393 0.180
471500 0.146 0.302 0.375 0.177
472000 0.156 0.308 0.372 0.165
472500 0.154 0.317 0.363 0.166
473000 0.157 0.300 0.362 0.181
473500 0.172 0.290 0.352 0.187
474000 0.188 0.258 0.347 0.207
474500 0.169 0.239 0.361 0.232
475000 0.139 0.210 0.393 0.257
475500 0.113 0.219 0.420 0.248
476000 0.091 0.244 0.433 0.232
476500 0.091 0.275 0.427 0.207
477000 0.101 0.303 0.416 0.179
477500 0.111 0.317 0.404 0.168
478000 0.109 0.332 0.411 0.148
478500 0.110 0.349 0.407 0.134
479000 0.127 0.338 0.398 0.137
479500 0.152 0.354 0.365 0.129
480000 0.174 0.333 0.349 0.145
480500 0.175 0.310 0.352 0.163
481000 0.175 0.298 0.351 0.176
481500 0.178 0.304 0.344 0.175
482000 0.176 0.276 0.355 0.193
482500 0.162 0.269 0.368 0.202
483000 0.163 0.262 0.369 0.206
483500 0.141 0.263 0.392 0.204
484000 0.110 0.247 0.420 0.223
484500 0.121 0.254 0.406 0.219
485000 0.124 0.282 0.390 0.204
485500 0.113 0.288 0.413 0.185
486000 0.108 0.292 0.406 0.194
486500 0.111 0.279 0.416 0.194
487000 0.133 0.286 0.392 0.189
487500 0.149 0.299 0.372 0.180
488000 0.135 0.289 0.386 0.189
488500 0.118 0.292 0.407 0.184
489000 0.137 0.290 0.389 0.184
489500 0.138 0.292 0.383 0.187
490000 0.143 0.262 0.383 0.212
490500 0.139 0.258 0.389 0.214
491000 0.145 0.261 0.382 0.212
491500 0.133 0.270 0.394 0.204
492000 0.131 0.279 0.391 0.199
492500 0.154 0.280 0.373 0.193
493000 0.148 0.282 0.375 0.196
493500 0.140 0.295 0.386 0.179
494000 0.139 0.299 0.386 0.176
494500 0.153 0.289 0.362 0.196
495000 0.160 0.266 0.366 0.209
495500 0.148 0.244 0.381 0.227
496000 0.138 0.245 0.395 0.222
496500 0.109 0.245 0.415 0.231
497000 0.105 0.264 0.411 0.220
497500 0.104 0.278 0.422 0.196
498000 0.116 0.282 0.412 0.190
498500 0.133 0.294 0.386 0.188
499000 0.151 0.301 0.380 0.168
499500 0.148 0.320 0.362 0.170
500000 0.148 0.301 0.384 0.167
