000000 0.250 0.250 0.250 0.250
000500 0.065 0.503 0.000 0.432
001000 0.065 0.503 0.000 0.432
001500 0.065 0.504 0.000 0.431
002000 0.065 0.505 0.000 0.430
002500 0.065 0.507 0.000 0.429
003000 0.065 0.510 0.000 0.426
003500 0.065 0.511 0.000 0.425
004000 0.065 0.511 0.000 0.424
004500 0.065 0.513 0.000 0.422
005000 0.065 0.512 0.000 0.423
005500 0.065 0.514 0.000 0.421
006000 0.065 0.515 0.000 0.420
006500 0.065 0.516 0.000 0.419
007000 0.065 0.518 0.000 0.418
007500 0.065 0.519 0.000 0.416
008000 0.065 0.520 0.000 0.415
008500 0.065 0.520 0.000 0.415
009000 0.065 0.521 0.000 0.415
009500 0.065 0.521 0.000 0.414
010000 0.065 0.522 0.000 0.413
