000000 0.250 0.250 0.250 0.250
000500 0.891 0.021 0.000 0.088
001000 0.839 0.020 0.000 0.141
001500 0.683 0.024 0.000 0.293
002000 0.351 0.024 0.000 0.625
002500 0.152 0.024 0.000 0.823
003000 0.088 0.028 0.000 0.883
003500 0.063 0.041 0.000 0.896
004000 0.056 0.053 0.000 0.891
004500 0.054 0.070 0.000 0.876
005000 0.053 0.084 0.000 0.863
005500 0.053 0.098 0.000 0.848
006000 0.054 0.113 0.000 0.833
006500 0.053 0.129 0.000 0.817
007000 0.053 0.147 0.000 0.801
007500 0.053 0.156 0.000 0.792
008000 0.052 0.170 0.000 0.778
008500 0.053 0.190 0.000 0.757
009000 0.052 0.206 0.000 0.741
009500 0.052 0.215 0.000 0.733
010000 0.052 0.225 0.000 0.723
