000000 0.250 0.250 0.250 0.250
000500 0.003 0.860 0.000 0.136
001000 0.003 0.891 0.000 0.106
001500 0.003 0.899 0.000 0.099
002000 0.003 0.903 0.000 0.094
002500 0.003 0.907 0.000 0.091
003000 0.003 0.907 0.000 0.090
003500 0.003 0.910 0.000 0.088
004000 0.003 0.911 0.000 0.086
004500 0.003 0.914 0.000 0.083
005000 0.003 0.917 0.000 0.080
005500 0.003 0.920 0.000 0.077
006000 0.003 0.922 0.000 0.075
006500 0.003 0.923 0.000 0.074
007000 0.003 0.925 0.000 0.072
007500 0.003 0.926 0.000 0.071
008000 0.003 0.928 0.000 0.069
008500 0.003 0.929 0.000 0.068
009000 0.003 0.930 0.000 0.067
009500 0.003 0.932 0.000 0.065
010000 0.003 0.933 0.000 0.064
