000000 0.250 0.250 0.250 0.250
000500 0.037 0.550 0.000 0.413
001000 0.037 0.552 0.000 0.411
001500 0.037 0.554 0.000 0.409
002000 0.037 0.556 0.000 0.407
002500 0.037 0.558 0.000 0.405
003000 0.037 0.560 0.000 0.403
003500 0.037 0.563 0.000 0.400
004000 0.037 0.564 0.000 0.399
004500 0.037 0.565 0.000 0.398
005000 0.037 0.568 0.000 0.394
005500 0.037 0.570 0.000 0.393
006000 0.037 0.571 0.000 0.392
006500 0.037 0.573 0.000 0.390
007000 0.037 0.575 0.000 0.388
007500 0.037 0.575 0.000 0.388
008000 0.037 0.576 0.000 0.387
008500 0.037 0.576 0.000 0.387
009000 0.037 0.577 0.000 0.386
009500 0.037 0.578 0.000 0.385
010000 0.037 0.579 0.000 0.384
