000000 0.250 0.250 0.250 0.250
000500 0.112 0.025 0.469 0.394
001000 0.025 0.012 0.576 0.386
001500 0.015 0.010 0.615 0.360
002000 0.009 0.011 0.607 0.373
002500 0.001 0.009 0.628 0.362
003000 0.000 0.012 0.620 0.368
003500 0.000 0.012 0.617 0.371
004000 0.000 0.012 0.637 0.351
004500 0.000 0.016 0.616 0.368
005000 0.000 0.019 0.610 0.371
005500 0.000 0.026 0.636 0.338
006000 0.000 0.024 0.609 0.367
006500 0.000 0.028 0.614 0.358
007000 0.000 0.028 0.627 0.345
007500 0.000 0.020 0.638 0.342
008000 0.000 0.028 0.631 0.341
008500 0.000 0.035 0.639 0.327
009000 0.000 0.045 0.633 0.322
009500 0.000 0.045 0.630 0.324
010000 0.000 0.050 0.629 0.321
