000000 0.250 0.250 0.250 0.250
000500 0.041 0.704 0.000 0.255
001000 0.032 0.754 0.000 0.214
001500 0.029 0.778 0.000 0.193
002000 0.028 0.792 0.000 0.180
002500 0.025 0.802 0.000 0.174
003000 0.025 0.810 0.000 0.165
003500 0.023 0.824 0.000 0.153
004000 0.021 0.831 0.000 0.147
004500 0.021 0.835 0.000 0.144
005000 0.022 0.837 0.000 0.141
005500 0.022 0.840 0.000 0.138
006000 0.020 0.845 0.000 0.134
006500 0.019 0.852 0.000 0.129
007000 0.020 0.855 0.000 0.126
007500 0.018 0.859 0.000 0.123
008000 0.018 0.864 0.000 0.119
008500 0.018 0.867 0.000 0.115
009000 0.016 0.872 0.000 0.112
009500 0.017 0.873 0.000 0.110
010000 0.016 0.877 0.000 0.107
