000000 0.250 0.250 0.250 0.250
000500 0.021 0.784 0.000 0.196
001000 0.015 0.828 0.000 0.157
001500 0.011 0.847 0.000 0.142
002000 0.010 0.856 0.000 0.134
002500 0.009 0.861 0.000 0.130
003000 0.008 0.871 0.000 0.121
003500 0.007 0.879 0.000 0.114
004000 0.008 0.883 0.000 0.109
004500 0.007 0.890 0.000 0.103
005000 0.006 0.897 0.000 0.097
005500 0.006 0.900 0.000 0.094
006000 0.006 0.907 0.000 0.088
006500 0.005 0.912 0.000 0.083
007000 0.005 0.915 0.000 0.080
007500 0.005 0.919 0.000 0.076
008000 0.005 0.921 0.000 0.074
008500 0.004 0.927 0.000 0.069
009000 0.005 0.930 0.000 0.065
009500 0.005 0.932 0.000 0.063
010000 0.005 0.934 0.000 0.061
