000000 0.250 0.250 0.250 0.250
000500 0.760 0.052 0.000 0.188
001000 0.679 0.056 0.000 0.265
001500 0.552 0.061 0.000 0.387
002000 0.360 0.072 0.000 0.568
002500 0.201 0.087 0.000 0.712
003000 0.139 0.097 0.000 0.764
003500 0.119 0.110 0.000 0.771
004000 0.113 0.116 0.000 0.771
004500 0.105 0.124 0.000 0.771
005000 0.103 0.131 0.000 0.766
005500 0.100 0.138 0.000 0.761
006000 0.099 0.146 0.000 0.755
006500 0.098 0.153 0.000 0.748
007000 0.096 0.160 0.000 0.744
007500 0.095 0.165 0.000 0.740
008000 0.093 0.172 0.000 0.735
008500 0.095 0.174 0.000 0.731
009000 0.094 0.178 0.000 0.728
009500 0.093 0.182 0.000 0.725
010000 0.092 0.185 0.000 0.722
