000000 0.250 0.250 0.250 0.250
000500 0.067 0.514 0.000 0.419
001000 0.067 0.520 0.000 0.413
001500 0.067 0.521 0.000 0.411
002000 0.067 0.526 0.000 0.407
002500 0.067 0.529 0.000 0.403
003000 0.067 0.534 0.000 0.399
003500 0.067 0.535 0.000 0.397
004000 0.067 0.538 0.000 0.395
004500 0.067 0.539 0.000 0.394
005000 0.067 0.541 0.000 0.392
005500 0.067 0.545 0.000 0.388
006000 0.067 0.548 0.000 0.384
006500 0.067 0.552 0.000 0.381
007000 0.067 0.555 0.000 0.378
007500 0.067 0.557 0.000 0.375
008000 0.067 0.559 0.000 0.373
008500 0.067 0.563 0.000 0.370
009000 0.067 0.565 0.000 0.368
009500 0.067 0.565 0.000 0.368
010000 0.067 0.567 0.000 0.366
