000000 0.250 0.250 0.250 0.250
000500 0.102 0.508 0.000 0.390
001000 0.084 0.533 0.000 0.383
001500 0.078 0.545 0.000 0.377
002000 0.073 0.555 0.000 0.372
002500 0.073 0.560 0.000 0.366
003000 0.072 0.566 0.000 0.361
003500 0.073 0.576 0.000 0.351
004000 0.072 0.581 0.000 0.347
004500 0.071 0.586 0.000 0.343
005000 0.069 0.593 0.000 0.338
005500 0.069 0.595 0.000 0.336
006000 0.069 0.597 0.000 0.334
006500 0.068 0.600 0.000 0.332
007000 0.071 0.600 0.000 0.329
007500 0.067 0.608 0.000 0.325
008000 0.066 0.611 0.000 0.322
008500 0.067 0.613 0.000 0.320
009000 0.065 0.618 0.000 0.318
009500 0.065 0.618 0.000 0.317
010000 0.065 0.619 0.000 0.316
