000000 0.250 0.250 0.250 0.250
000500 0.014 0.648 0.000 0.338
001000 0.014 0.655 0.000 0.331
001500 0.014 0.659 0.000 0.327
002000 0.014 0.661 0.000 0.325
002500 0.014 0.664 0.000 0.322
003000 0.014 0.666 0.000 0.320
003500 0.014 0.671 0.000 0.315
004000 0.014 0.673 0.000 0.313
004500 0.014 0.674 0.000 0.312
005000 0.014 0.676 0.000 0.309
005500 0.014 0.679 0.000 0.307
006000 0.014 0.682 0.000 0.304
006500 0.014 0.684 0.000 0.302
007000 0.014 0.686 0.000 0.299
007500 0.014 0.689 0.000 0.297
008000 0.014 0.692 0.000 0.294
008500 0.014 0.693 0.000 0.293
009000 0.014 0.695 0.000 0.291
009500 0.014 0.696 0.000 0.290
010000 0.014 0.697 0.000 0.289
