000000 0.250 0.250 0.250 0.250
000500 0.405 0.280 0.000 0.315
001000 0.402 0.283 0.000 0.316
001500 0.396 0.291 0.000 0.313
002000 0.393 0.295 0.000 0.312
002500 0.389 0.305 0.000 0.307
003000 0.386 0.307 0.000 0.306
003500 0.385 0.310 0.000 0.305
004000 0.386 0.310 0.000 0.304
004500 0.383 0.313 0.000 0.304
005000 0.383 0.313 0.000 0.304
005500 0.381 0.316 0.000 0.303
006000 0.378 0.321 0.000 0.301
006500 0.378 0.320 0.000 0.301
007000 0.377 0.322 0.000 0.301
007500 0.376 0.324 0.000 0.300
008000 0.376 0.325 0.000 0.299
008500 0.375 0.326 0.000 0.299
009000 0.374 0.328 0.000 0.298
009500 0.375 0.327 0.000 0.298
010000 0.373 0.329 0.000 0.298
