000000 0.250 0.250 0.250 0.250
000500 0.096 0.524 0.000 0.381
001000 0.092 0.535 0.000 0.373
001500 0.090 0.543 0.000 0.367
002000 0.088 0.550 0.000 0.361
002500 0.088 0.552 0.000 0.360
003000 0.089 0.556 0.000 0.356
003500 0.088 0.559 0.000 0.352
004000 0.088 0.564 0.000 0.348
004500 0.087 0.566 0.000 0.346
005000 0.087 0.568 0.000 0.344
005500 0.087 0.569 0.000 0.344
006000 0.088 0.570 0.000 0.343
006500 0.087 0.573 0.000 0.340
007000 0.087 0.574 0.000 0.339
007500 0.087 0.577 0.000 0.336
008000 0.087 0.579 0.000 0.335
008500 0.087 0.580 0.000 0.333
009000 0.087 0.581 0.000 0.332
009500 0.087 0.582 0.000 0.331
010000 0.087 0.583 0.000 0.331
