000000 0.250 0.250 0.250 0.250
000500 0.095 0.468 0.000 0.437
001000 0.095 0.469 0.000 0.436
001500 0.095 0.470 0.000 0.435
002000 0.095 0.472 0.000 0.433
002500 0.095 0.471 0.000 0.434
003000 0.095 0.473 0.000 0.431
003500 0.095 0.474 0.000 0.431
004000 0.095 0.474 0.000 0.430
004500 0.095 0.475 0.000 0.430
005000 0.095 0.477 0.000 0.428
005500 0.095 0.478 0.000 0.427
006000 0.095 0.478 0.000 0.427
006500 0.095 0.478 0.000 0.426
007000 0.095 0.480 0.000 0.425
007500 0.095 0.481 0.000 0.424
008000 0.095 0.481 0.000 0.424
008500 0.095 0.483 0.000 0.422
009000 0.095 0.483 0.000 0.422
009500 0.095 0.483 0.000 0.422
010000 0.095 0.485 0.000 0.420
