000000 0.250 0.250 0.250 0.250
000500 0.046 0.532 0.000 0.422
001000 0.046 0.535 0.000 0.419
001500 0.046 0.540 0.000 0.414
002000 0.046 0.545 0.000 0.409
002500 0.046 0.547 0.000 0.407
003000 0.046 0.550 0.000 0.404
003500 0.046 0.553 0.000 0.402
004000 0.046 0.554 0.000 0.400
004500 0.046 0.556 0.000 0.398
005000 0.046 0.559 0.000 0.395
005500 0.046 0.561 0.000 0.393
006000 0.046 0.564 0.000 0.390
006500 0.046 0.565 0.000 0.389
007000 0.046 0.565 0.000 0.389
007500 0.046 0.566 0.000 0.388
008000 0.046 0.566 0.000 0.388
008500 0.046 0.569 0.000 0.385
009000 0.046 0.571 0.000 0.383
009500 0.046 0.571 0.000 0.383
010000 0.046 0.573 0.000 0.381
