000000 0.250 0.250 0.250 0.250
000500 0.052 0.510 0.000 0.438
001000 0.052 0.514 0.000 0.434
001500 0.052 0.516 0.000 0.432
002000 0.052 0.519 0.000 0.430
002500 0.052 0.519 0.000 0.430
003000 0.052 0.521 0.000 0.428
003500 0.052 0.522 0.000 0.427
004000 0.052 0.523 0.000 0.426
004500 0.052 0.523 0.000 0.425
005000 0.052 0.525 0.000 0.423
005500 0.052 0.525 0.000 0.424
006000 0.052 0.527 0.000 0.421
006500 0.052 0.527 0.000 0.421
007000 0.052 0.529 0.000 0.420
007500 0.052 0.530 0.000 0.418
008000 0.052 0.533 0.000 0.415
008500 0.052 0.533 0.000 0.415
009000 0.052 0.534 0.000 0.414
009500 0.052 0.537 0.000 0.412
010000 0.052 0.539 0.000 0.410
