000000 0.250 0.250 0.250 0.250
000500 0.246 0.406 0.000 0.348
001000 0.239 0.415 0.000 0.346
001500 0.233 0.428 0.000 0.339
002000 0.234 0.430 0.000 0.336
002500 0.233 0.432 0.000 0.335
003000 0.232 0.435 0.000 0.333
003500 0.232 0.438 0.000 0.330
004000 0.231 0.439 0.000 0.330
004500 0.230 0.442 0.000 0.328
005000 0.230 0.443 0.000 0.327
005500 0.229 0.445 0.000 0.327
006000 0.229 0.445 0.000 0.326
006500 0.228 0.446 0.000 0.327
007000 0.229 0.445 0.000 0.326
007500 0.228 0.447 0.000 0.326
008000 0.228 0.446 0.000 0.326
008500 0.227 0.448 0.000 0.325
009000 0.226 0.450 0.000 0.324
009500 0.223 0.453 0.000 0.324
010000 0.222 0.454 0.000 0.324
