000000 0.250 0.250 0.250 0.250
000500 0.028 0.647 0.000 0.325
001000 0.022 0.677 0.000 0.302
001500 0.019 0.694 0.000 0.287
002000 0.020 0.705 0.000 0.275
002500 0.018 0.717 0.000 0.265
003000 0.017 0.727 0.000 0.256
003500 0.016 0.735 0.000 0.249
004000 0.015 0.742 0.000 0.243
004500 0.014 0.750 0.000 0.236
005000 0.013 0.756 0.000 0.231
005500 0.014 0.762 0.000 0.224
006000 0.013 0.767 0.000 0.221
006500 0.012 0.775 0.000 0.213
007000 0.012 0.779 0.000 0.208
007500 0.013 0.783 0.000 0.204
008000 0.012 0.785 0.000 0.203
008500 0.012 0.790 0.000 0.198
009000 0.012 0.795 0.000 0.193
009500 0.012 0.798 0.000 0.190
010000 0.012 0.802 0.000 0.186
