000000 0.250 0.250 0.250 0.250
000500 0.089 0.500 0.000 0.411
001000 0.089 0.503 0.000 0.408
001500 0.089 0.508 0.000 0.404
002000 0.089 0.511 0.000 0.400
002500 0.089 0.511 0.000 0.400
003000 0.089 0.515 0.000 0.397
003500 0.089 0.517 0.000 0.394
004000 0.089 0.519 0.000 0.393
004500 0.089 0.521 0.000 0.390
005000 0.089 0.524 0.000 0.388
005500 0.089 0.526 0.000 0.385
006000 0.089 0.527 0.000 0.385
006500 0.089 0.527 0.000 0.384
007000 0.089 0.528 0.000 0.384
007500 0.089 0.531 0.000 0.381
008000 0.089 0.531 0.000 0.380
008500 0.089 0.532 0.000 0.380
009000 0.089 0.531 0.000 0.380
009500 0.089 0.533 0.000 0.379
010000 0.089 0.533 0.000 0.378
