000000 0.250 0.250 0.250 0.250
000500 0.201 0.413 0.000 0.386
001000 0.199 0.417 0.000 0.383
001500 0.200 0.419 0.000 0.381
002000 0.200 0.422 0.000 0.379
002500 0.200 0.422 0.000 0.378
003000 0.200 0.421 0.000 0.379
003500 0.200 0.423 0.000 0.377
004000 0.200 0.423 0.000 0.377
004500 0.200 0.426 0.000 0.375
005000 0.199 0.427 0.000 0.374
005500 0.199 0.428 0.000 0.374
006000 0.199 0.429 0.000 0.373
006500 0.199 0.430 0.000 0.371
007000 0.199 0.431 0.000 0.371
007500 0.199 0.431 0.000 0.370
008000 0.199 0.431 0.000 0.370
008500 0.199 0.431 0.000 0.370
009000 0.199 0.432 0.000 0.370
009500 0.199 0.432 0.000 0.369
010000 0.199 0.432 0.000 0.369
