000000 0.250 0.250 0.250 0.250
000500 0.013 0.703 0.000 0.284
001000 0.011 0.723 0.000 0.266
001500 0.011 0.735 0.000 0.254
002000 0.011 0.742 0.000 0.247
002500 0.011 0.749 0.000 0.241
003000 0.011 0.753 0.000 0.236
003500 0.011 0.759 0.000 0.230
004000 0.011 0.764 0.000 0.225
004500 0.011 0.770 0.000 0.219
005000 0.011 0.774 0.000 0.215
005500 0.011 0.778 0.000 0.211
006000 0.011 0.783 0.000 0.206
006500 0.011 0.786 0.000 0.203
007000 0.011 0.789 0.000 0.200
007500 0.011 0.792 0.000 0.197
008000 0.011 0.796 0.000 0.193
008500 0.011 0.798 0.000 0.191
009000 0.011 0.800 0.000 0.190
009500 0.011 0.802 0.000 0.187
010000 0.011 0.806 0.000 0.183
