000000 0.250 0.250 0.250 0.250
000500 0.124 0.458 0.000 0.418
001000 0.098 0.492 0.000 0.410
001500 0.090 0.506 0.000 0.405
002000 0.081 0.520 0.000 0.399
002500 0.075 0.532 0.000 0.393
003000 0.073 0.541 0.000 0.386
003500 0.077 0.542 0.000 0.381
004000 0.073 0.556 0.000 0.371
004500 0.070 0.567 0.000 0.363
005000 0.073 0.570 0.000 0.357
005500 0.070 0.579 0.000 0.351
006000 0.068 0.585 0.000 0.347
006500 0.069 0.587 0.000 0.344
007000 0.070 0.591 0.000 0.339
007500 0.069 0.596 0.000 0.335
008000 0.071 0.598 0.000 0.331
008500 0.067 0.607 0.000 0.326
009000 0.064 0.610 0.000 0.325
009500 0.066 0.612 0.000 0.323
010000 0.062 0.620 0.000 0.318
