000000 0.250 0.250 0.250 0.250
000500 0.097 0.524 0.001 0.378
001000 0.081 0.584 0.000 0.334
001500 0.076 0.612 0.000 0.313
002000 0.068 0.631 0.000 0.301
002500 0.068 0.641 0.000 0.291
003000 0.065 0.650 0.000 0.285
003500 0.064 0.664 0.000 0.272
004000 0.062 0.674 0.000 0.264
004500 0.061 0.683 0.000 0.257
005000 0.057 0.700 0.000 0.243
005500 0.055 0.707 0.000 0.238
006000 0.056 0.716 0.000 0.229
006500 0.056 0.721 0.000 0.222
007000 0.052 0.729 0.000 0.218
007500 0.052 0.734 0.000 0.213
008000 0.055 0.738 0.000 0.207
008500 0.054 0.744 0.000 0.202
009000 0.052 0.755 0.000 0.193
009500 0.052 0.761 0.000 0.187
010000 0.053 0.766 0.000 0.181
