000000 0.250 0.250 0.250 0.250
000500 0.282 0.132 0.043 0.544
001000 0.006 0.222 0.173 0.598
001500 0.002 0.393 0.161 0.445
002000 0.000 0.576 0.187 0.237
002500 0.000 0.698 0.181 0.120
003000 0.000 0.767 0.182 0.051
003500 0.000 0.786 0.193 0.021
004000 0.000 0.793 0.196 0.012
004500 0.000 0.822 0.175 0.002
005000 0.000 0.806 0.193 0.000
005500 0.000 0.822 0.178 0.000
006000 0.000 0.833 0.167 0.000
006500 0.000 0.802 0.198 0.000
007000 0.000 0.825 0.175 0.000
007500 0.000 0.802 0.198 0.000
008000 0.000 0.805 0.195 0.000
008500 0.000 0.806 0.194 0.000
009000 0.000 0.806 0.194 0.000
009500 0.000 0.819 0.181 0.000
010000 0.000 0.803 0.197 0.000
