000000 0.250 0.250 0.250 0.250
000500 0.079 0.510 0.000 0.412
001000 0.078 0.518 0.000 0.403
001500 0.078 0.525 0.000 0.396
002000 0.078 0.529 0.000 0.392
002500 0.078 0.533 0.000 0.389
003000 0.078 0.536 0.000 0.386
003500 0.078 0.540 0.000 0.382
004000 0.078 0.542 0.000 0.380
004500 0.078 0.546 0.000 0.375
005000 0.078 0.549 0.000 0.373
005500 0.078 0.553 0.000 0.368
006000 0.078 0.556 0.000 0.366
006500 0.078 0.558 0.000 0.363
007000 0.078 0.560 0.000 0.361
007500 0.078 0.563 0.000 0.359
008000 0.078 0.564 0.000 0.358
008500 0.078 0.566 0.000 0.356
009000 0.078 0.567 0.000 0.354
009500 0.078 0.569 0.000 0.352
010000 0.078 0.569 0.000 0.353
