000000 0.250 0.250 0.250 0.250
000500 0.025 0.848 0.000 0.127
001000 0.022 0.895 0.000 0.083
001500 0.018 0.907 0.000 0.075
002000 0.019 0.910 0.000 0.071
002500 0.017 0.918 0.000 0.065
003000 0.015 0.923 0.000 0.062
003500 0.015 0.924 0.000 0.060
004000 0.015 0.928 0.000 0.056
004500 0.013 0.934 0.000 0.053
005000 0.012 0.938 0.000 0.050
005500 0.013 0.939 0.000 0.049
006000 0.013 0.940 0.000 0.048
006500 0.011 0.943 0.000 0.046
007000 0.012 0.944 0.000 0.044
007500 0.012 0.945 0.000 0.043
008000 0.010 0.949 0.000 0.040
008500 0.009 0.952 0.000 0.039
009000 0.009 0.953 0.000 0.038
009500 0.009 0.954 0.000 0.037
010000 0.009 0.956 0.000 0.035
