000000 0.250 0.250 0.250 0.250
000500 0.077 0.540 0.000 0.383
001000 0.076 0.546 0.000 0.378
001500 0.076 0.551 0.000 0.373
002000 0.075 0.558 0.000 0.367
002500 0.074 0.563 0.000 0.363
003000 0.074 0.566 0.000 0.360
003500 0.074 0.570 0.000 0.356
004000 0.074 0.576 0.000 0.350
004500 0.074 0.579 0.000 0.347
005000 0.074 0.582 0.000 0.344
005500 0.074 0.585 0.000 0.341
006000 0.074 0.587 0.000 0.339
006500 0.074 0.591 0.000 0.335
007000 0.074 0.591 0.000 0.335
007500 0.074 0.591 0.000 0.335
008000 0.074 0.593 0.000 0.333
008500 0.074 0.595 0.000 0.331
009000 0.074 0.597 0.000 0.329
009500 0.074 0.596 0.000 0.330
010000 0.074 0.597 0.000 0.329
