000000 0.250 0.250 0.250 0.250
000500 0.073 0.544 0.000 0.383
001000 0.072 0.553 0.000 0.375
001500 0.072 0.559 0.000 0.370
002000 0.072 0.563 0.000 0.365
002500 0.072 0.567 0.000 0.362
003000 0.072 0.571 0.000 0.358
003500 0.072 0.577 0.000 0.352
004000 0.072 0.581 0.000 0.347
004500 0.072 0.585 0.000 0.343
005000 0.072 0.588 0.000 0.340
005500 0.072 0.591 0.000 0.337
006000 0.072 0.595 0.000 0.334
006500 0.072 0.598 0.000 0.330
007000 0.072 0.601 0.000 0.327
007500 0.072 0.603 0.000 0.326
008000 0.072 0.605 0.000 0.324
008500 0.072 0.606 0.000 0.322
009000 0.072 0.609 0.000 0.319
009500 0.072 0.611 0.000 0.317
010000 0.072 0.612 0.000 0.317
