000000 0.250 0.250 0.250 0.250
000500 0.145 0.464 0.000 0.390
001000 0.128 0.488 0.000 0.384
001500 0.121 0.501 0.000 0.378
002000 0.117 0.509 0.000 0.375
002500 0.115 0.517 0.000 0.368
003000 0.113 0.528 0.000 0.359
003500 0.112 0.532 0.000 0.356
004000 0.111 0.537 0.000 0.352
004500 0.109 0.543 0.000 0.348
005000 0.109 0.546 0.000 0.345
005500 0.109 0.550 0.000 0.341
006000 0.107 0.557 0.000 0.337
006500 0.108 0.557 0.000 0.335
007000 0.106 0.560 0.000 0.334
007500 0.105 0.565 0.000 0.331
008000 0.104 0.568 0.000 0.328
008500 0.102 0.572 0.000 0.326
009000 0.103 0.573 0.000 0.324
009500 0.102 0.576 0.000 0.322
010000 0.102 0.578 0.000 0.320
