000000 0.250 0.250 0.250 0.250
000500 0.031 0.585 0.000 0.384
001000 0.031 0.589 0.000 0.380
001500 0.031 0.592 0.000 0.377
002000 0.031 0.595 0.000 0.374
002500 0.031 0.601 0.000 0.368
003000 0.031 0.604 0.000 0.365
003500 0.031 0.607 0.000 0.362
004000 0.031 0.613 0.000 0.356
004500 0.031 0.616 0.000 0.353
005000 0.031 0.621 0.000 0.348
005500 0.031 0.623 0.000 0.346
006000 0.031 0.626 0.000 0.343
006500 0.031 0.627 0.000 0.341
007000 0.031 0.631 0.000 0.338
007500 0.031 0.632 0.000 0.336
008000 0.031 0.637 0.000 0.332
008500 0.031 0.639 0.000 0.330
009000 0.031 0.641 0.000 0.328
009500 0.031 0.643 0.000 0.325
010000 0.031 0.646 0.000 0.323
