000000 0.250 0.250 0.250 0.250
000500 0.029 0.560 0.000 0.411
001000 0.029 0.561 0.000 0.410
001500 0.029 0.562 0.000 0.409
002000 0.029 0.565 0.000 0.406
002500 0.029 0.568 0.000 0.403
003000 0.029 0.568 0.000 0.403
003500 0.029 0.570 0.000 0.401
004000 0.029 0.571 0.000 0.401
004500 0.029 0.571 0.000 0.400
005000 0.029 0.574 0.000 0.397
005500 0.029 0.576 0.000 0.395
006000 0.029 0.577 0.000 0.394
006500 0.029 0.581 0.000 0.390
007000 0.029 0.582 0.000 0.389
007500 0.029 0.584 0.000 0.387
008000 0.029 0.584 0.000 0.387
008500 0.029 0.586 0.000 0.385
009000 0.029 0.587 0.000 0.384
009500 0.029 0.588 0.000 0.383
010000 0.029 0.588 0.000 0.383
