000000 0.250 0.250 0.250 0.250
000500 0.144 0.442 0.000 0.415
001000 0.121 0.469 0.000 0.410
001500 0.112 0.483 0.000 0.405
002000 0.105 0.492 0.000 0.403
002500 0.103 0.497 0.000 0.400
003000 0.102 0.501 0.000 0.397
003500 0.099 0.506 0.000 0.395
004000 0.099 0.512 0.000 0.389
004500 0.102 0.512 0.000 0.386
005000 0.105 0.513 0.000 0.382
005500 0.102 0.519 0.000 0.380
006000 0.100 0.524 0.000 0.376
006500 0.098 0.529 0.000 0.373
007000 0.099 0.531 0.000 0.370
007500 0.099 0.533 0.000 0.367
008000 0.097 0.538 0.000 0.366
008500 0.093 0.543 0.000 0.364
009000 0.093 0.546 0.000 0.361
009500 0.096 0.546 0.000 0.358
010000 0.096 0.546 0.000 0.357
