000000 0.250 0.250 0.250 0.250
000500 0.084 0.505 0.000 0.411
001000 0.083 0.514 0.000 0.403
001500 0.083 0.517 0.000 0.400
002000 0.082 0.522 0.000 0.395
002500 0.082 0.525 0.000 0.392
003000 0.082 0.529 0.000 0.388
003500 0.082 0.530 0.000 0.387
004000 0.082 0.534 0.000 0.383
004500 0.082 0.537 0.000 0.380
005000 0.082 0.541 0.000 0.377
005500 0.082 0.542 0.000 0.376
006000 0.082 0.547 0.000 0.371
006500 0.082 0.551 0.000 0.367
007000 0.082 0.551 0.000 0.367
007500 0.082 0.553 0.000 0.365
008000 0.082 0.555 0.000 0.363
008500 0.082 0.556 0.000 0.361
009000 0.082 0.556 0.000 0.362
009500 0.082 0.557 0.000 0.361
010000 0.082 0.558 0.000 0.360
