000000 0.250 0.250 0.250 0.250
000500 0.007 0.775 0.000 0.218
001000 0.007 0.793 0.000 0.201
001500 0.006 0.801 0.000 0.192
002000 0.006 0.805 0.000 0.189
002500 0.006 0.806 0.000 0.188
003000 0.006 0.807 0.000 0.186
003500 0.006 0.810 0.000 0.183
004000 0.006 0.811 0.000 0.182
004500 0.006 0.813 0.000 0.181
005000 0.006 0.815 0.000 0.179
005500 0.006 0.817 0.000 0.176
006000 0.006 0.820 0.000 0.174
006500 0.006 0.820 0.000 0.174
007000 0.006 0.822 0.000 0.172
007500 0.006 0.825 0.000 0.169
008000 0.006 0.828 0.000 0.166
008500 0.006 0.830 0.000 0.164
009000 0.006 0.831 0.000 0.163
009500 0.006 0.834 0.000 0.160
010000 0.006 0.837 0.000 0.157
