000000 0.250 0.250 0.250 0.250
000500 0.101 0.467 0.000 0.431
001000 0.101 0.470 0.000 0.428
001500 0.101 0.471 0.000 0.428
002000 0.101 0.473 0.000 0.426
002500 0.101 0.475 0.000 0.423
003000 0.101 0.478 0.000 0.421
003500 0.101 0.479 0.000 0.419
004000 0.101 0.481 0.000 0.417
004500 0.101 0.481 0.000 0.418
005000 0.101 0.482 0.000 0.417
005500 0.101 0.484 0.000 0.415
006000 0.101 0.485 0.000 0.413
006500 0.101 0.487 0.000 0.411
007000 0.101 0.489 0.000 0.410
007500 0.101 0.488 0.000 0.410
008000 0.101 0.489 0.000 0.409
008500 0.101 0.490 0.000 0.409
009000 0.101 0.490 0.000 0.408
009500 0.101 0.492 0.000 0.407
010000 0.101 0.492 0.000 0.407
