000000 0.250 0.250 0.250 0.250
000500 0.907 0.024 0.000 0.069
001000 0.896 0.024 0.000 0.080
001500 0.888 0.024 0.000 0.089
002000 0.880 0.024 0.000 0.096
002500 0.875 0.021 0.000 0.104
003000 0.870 0.021 0.000 0.110
003500 0.865 0.021 0.000 0.114
004000 0.861 0.020 0.000 0.118
004500 0.858 0.020 0.000 0.122
005000 0.854 0.022 0.000 0.125
005500 0.854 0.021 0.000 0.126
006000 0.852 0.020 0.000 0.128
006500 0.849 0.021 0.000 0.130
007000 0.848 0.020 0.000 0.131
007500 0.848 0.021 0.000 0.131
008000 0.848 0.021 0.000 0.131
008500 0.847 0.022 0.000 0.131
009000 0.848 0.021 0.000 0.131
009500 0.849 0.020 0.000 0.131
010000 0.850 0.020 0.000 0.131
