000000 0.250 0.250 0.250 0.250
000500 0.015 0.681 0.000 0.304
001000 0.014 0.694 0.000 0.292
001500 0.014 0.700 0.000 0.286
002000 0.014 0.705 0.000 0.280
002500 0.014 0.711 0.000 0.275
003000 0.014 0.715 0.000 0.271
003500 0.014 0.718 0.000 0.267
004000 0.014 0.721 0.000 0.264
004500 0.014 0.727 0.000 0.259
005000 0.014 0.734 0.000 0.251
005500 0.014 0.738 0.000 0.248
006000 0.014 0.740 0.000 0.246
006500 0.014 0.742 0.000 0.243
007000 0.014 0.746 0.000 0.240
007500 0.014 0.749 0.000 0.237
008000 0.014 0.753 0.000 0.233
008500 0.014 0.758 0.000 0.227
009000 0.014 0.761 0.000 0.225
009500 0.014 0.763 0.000 0.222
010000 0.014 0.766 0.000 0.220
