000000 0.250 0.250 0.250 0.250
000500 0.042 0.572 0.000 0.386
001000 0.039 0.585 0.000 0.376
001500 0.039 0.591 0.000 0.370
002000 0.039 0.597 0.000 0.364
002500 0.039 0.607 0.000 0.354
003000 0.039 0.612 0.000 0.350
003500 0.039 0.618 0.000 0.343
004000 0.039 0.626 0.000 0.336
004500 0.039 0.631 0.000 0.330
005000 0.039 0.634 0.000 0.328
005500 0.039 0.637 0.000 0.324
006000 0.039 0.639 0.000 0.322
006500 0.039 0.644 0.000 0.318
007000 0.039 0.648 0.000 0.313
007500 0.039 0.651 0.000 0.311
008000 0.039 0.655 0.000 0.306
008500 0.039 0.659 0.000 0.303
009000 0.039 0.662 0.000 0.300
009500 0.039 0.665 0.000 0.297
010000 0.039 0.668 0.000 0.294
