000000 0.250 0.250 0.250 0.250
000500 0.097 0.470 0.000 0.434
001000 0.097 0.474 0.000 0.429
001500 0.097 0.476 0.000 0.427
002000 0.097 0.476 0.000 0.428
002500 0.097 0.477 0.000 0.426
003000 0.097 0.478 0.000 0.426
003500 0.097 0.479 0.000 0.425
004000 0.097 0.481 0.000 0.423
004500 0.097 0.483 0.000 0.421
005000 0.097 0.482 0.000 0.421
005500 0.097 0.484 0.000 0.420
006000 0.097 0.484 0.000 0.419
006500 0.097 0.485 0.000 0.419
007000 0.097 0.486 0.000 0.417
007500 0.097 0.487 0.000 0.416
008000 0.097 0.489 0.000 0.415
008500 0.097 0.491 0.000 0.412
009000 0.097 0.493 0.000 0.411
009500 0.097 0.492 0.000 0.411
010000 0.097 0.493 0.000 0.410
