000000 0.250 0.250 0.250 0.250
000500 0.236 0.412 0.000 0.352
001000 0.229 0.422 0.000 0.348
001500 0.227 0.425 0.000 0.348
002000 0.225 0.429 0.000 0.346
002500 0.223 0.433 0.000 0.343
003000 0.224 0.434 0.000 0.342
003500 0.223 0.434 0.000 0.344
004000 0.223 0.432 0.000 0.344
004500 0.222 0.435 0.000 0.343
005000 0.222 0.435 0.000 0.342
005500 0.222 0.436 0.000 0.342
006000 0.221 0.438 0.000 0.341
006500 0.222 0.438 0.000 0.340
007000 0.222 0.437 0.000 0.341
007500 0.221 0.438 0.000 0.340
008000 0.221 0.439 0.000 0.341
008500 0.220 0.440 0.000 0.340
009000 0.221 0.440 0.000 0.339
009500 0.220 0.441 0.000 0.339
010000 0.220 0.441 0.000 0.339
