000000 0.250 0.250 0.250 0.250
000500 0.004 0.921 0.000 0.074
001000 0.002 0.948 0.000 0.050
001500 0.002 0.953 0.000 0.046
002000 0.002 0.956 0.000 0.043
002500 0.001 0.958 0.000 0.041
003000 0.001 0.961 0.000 0.038
003500 0.001 0.963 0.000 0.037
004000 0.001 0.964 0.000 0.035
004500 0.001 0.966 0.000 0.033
005000 0.001 0.967 0.000 0.032
005500 0.001 0.967 0.000 0.032
006000 0.001 0.969 0.000 0.030
006500 0.001 0.971 0.000 0.028
007000 0.001 0.973 0.000 0.027
007500 0.001 0.973 0.000 0.026
008000 0.001 0.973 0.000 0.026
008500 0.001 0.974 0.000 0.025
009000 0.001 0.975 0.000 0.024
009500 0.001 0.977 0.000 0.022
010000 0.001 0.978 0.000 0.021
