000000 0.250 0.250 0.250 0.250
000500 0.084 0.486 0.000 0.430
001000 0.084 0.489 0.000 0.426
001500 0.084 0.492 0.000 0.424
002000 0.084 0.495 0.000 0.421
002500 0.084 0.498 0.000 0.418
003000 0.084 0.502 0.000 0.414
003500 0.084 0.505 0.000 0.411
004000 0.084 0.505 0.000 0.411
004500 0.084 0.506 0.000 0.410
005000 0.084 0.508 0.000 0.408
005500 0.084 0.511 0.000 0.405
006000 0.084 0.513 0.000 0.403
006500 0.084 0.515 0.000 0.400
007000 0.084 0.516 0.000 0.400
007500 0.084 0.516 0.000 0.399
008000 0.084 0.519 0.000 0.397
008500 0.084 0.520 0.000 0.395
009000 0.084 0.523 0.000 0.393
009500 0.084 0.524 0.000 0.392
010000 0.084 0.524 0.000 0.391
