000000 0.250 0.250 0.250 0.250
000500 0.010 0.782 0.000 0.209
001000 0.006 0.815 0.000 0.179
001500 0.006 0.826 0.000 0.168
002000 0.005 0.835 0.000 0.160
002500 0.005 0.841 0.000 0.154
003000 0.005 0.846 0.000 0.150
003500 0.004 0.850 0.000 0.146
004000 0.004 0.852 0.000 0.144
004500 0.004 0.854 0.000 0.142
005000 0.004 0.856 0.000 0.140
005500 0.004 0.859 0.000 0.136
006000 0.004 0.863 0.000 0.133
006500 0.004 0.866 0.000 0.129
007000 0.004 0.872 0.000 0.124
007500 0.004 0.876 0.000 0.120
008000 0.004 0.881 0.000 0.115
008500 0.004 0.885 0.000 0.111
009000 0.004 0.887 0.000 0.108
009500 0.004 0.892 0.000 0.104
010000 0.004 0.894 0.000 0.102
