000000 0.250 0.250 0.250 0.250
000500 0.008 0.814 0.000 0.178
001000 0.005 0.843 0.000 0.152
001500 0.005 0.851 0.000 0.144
002000 0.005 0.859 0.000 0.136
002500 0.005 0.866 0.000 0.130
003000 0.004 0.869 0.000 0.127
003500 0.004 0.874 0.000 0.121
004000 0.004 0.879 0.000 0.117
004500 0.004 0.883 0.000 0.112
005000 0.004 0.886 0.000 0.109
005500 0.004 0.889 0.000 0.107
006000 0.004 0.892 0.000 0.103
006500 0.004 0.896 0.000 0.099
007000 0.004 0.899 0.000 0.096
007500 0.004 0.903 0.000 0.092
008000 0.004 0.906 0.000 0.090
008500 0.004 0.907 0.000 0.088
009000 0.004 0.908 0.000 0.088
009500 0.004 0.909 0.000 0.086
010000 0.004 0.911 0.000 0.085
