000000 0.250 0.250 0.250 0.250
000500 0.434 0.302 0.000 0.264
001000 0.431 0.306 0.000 0.263
001500 0.430 0.307 0.000 0.263
002000 0.429 0.308 0.000 0.263
002500 0.429 0.308 0.000 0.263
003000 0.427 0.309 0.000 0.263
003500 0.429 0.309 0.000 0.263
004000 0.429 0.308 0.000 0.263
004500 0.428 0.311 0.000 0.261
005000 0.430 0.308 0.000 0.262
005500 0.430 0.308 0.000 0.262
006000 0.431 0.308 0.000 0.262
006500 0.432 0.306 0.000 0.262
007000 0.434 0.304 0.000 0.262
007500 0.434 0.305 0.000 0.262
008000 0.434 0.304 0.000 0.262
008500 0.434 0.304 0.000 0.262
009000 0.434 0.304 0.000 0.262
009500 0.435 0.304 0.000 0.261
010000 0.434 0.304 0.000 0.261
