000000 0.250 0.250 0.250 0.250
000500 0.034 0.553 0.000 0.413
001000 0.034 0.558 0.000 0.409
001500 0.034 0.560 0.000 0.406
002000 0.034 0.563 0.000 0.403
002500 0.034 0.566 0.000 0.400
003000 0.034 0.569 0.000 0.398
003500 0.034 0.571 0.000 0.396
004000 0.034 0.572 0.000 0.394
004500 0.034 0.573 0.000 0.393
005000 0.034 0.574 0.000 0.393
005500 0.034 0.578 0.000 0.389
006000 0.034 0.579 0.000 0.387
006500 0.034 0.581 0.000 0.385
007000 0.034 0.585 0.000 0.381
007500 0.034 0.587 0.000 0.380
008000 0.034 0.588 0.000 0.378
008500 0.034 0.590 0.000 0.376
009000 0.034 0.591 0.000 0.375
009500 0.034 0.592 0.000 0.374
010000 0.034 0.593 0.000 0.373
