000000 0.250 0.250 0.250 0.250
000500 0.799 0.031 0.002 0.168
001000 0.450 0.033 0.057 0.460
001500 0.372 0.007 0.324 0.298
002000 0.341 0.000 0.340 0.319
002500 0.338 0.000 0.349 0.313
003000 0.302 0.000 0.394 0.304
003500 0.317 0.000 0.395 0.288
004000 0.284 0.000 0.435 0.281
004500 0.263 0.000 0.426 0.311
005000 0.235 0.000 0.406 0.359
005500 0.240 0.000 0.366 0.394
006000 0.237 0.000 0.384 0.378
006500 0.259 0.000 0.330 0.411
007000 0.300 0.000 0.308 0.392
007500 0.316 0.000 0.338 0.346
008000 0.325 0.000 0.341 0.335
008500 0.273 0.000 0.415 0.312
009000 0.299 0.000 0.412 0.289
009500 0.355 0.000 0.384 0.262
010000 0.326 0.000 0.387 0.287
