000000 0.250 0.250 0.250 0.250
000500 0.089 0.492 0.000 0.419
001000 0.089 0.494 0.000 0.417
001500 0.089 0.496 0.000 0.416
002000 0.089 0.499 0.000 0.412
002500 0.089 0.501 0.000 0.410
003000 0.089 0.503 0.000 0.409
003500 0.088 0.503 0.000 0.408
004000 0.088 0.507 0.000 0.404
004500 0.088 0.510 0.000 0.401
005000 0.088 0.511 0.000 0.400
005500 0.088 0.513 0.000 0.399
006000 0.088 0.514 0.000 0.397
006500 0.088 0.515 0.000 0.397
007000 0.088 0.516 0.000 0.396
007500 0.088 0.517 0.000 0.395
008000 0.088 0.518 0.000 0.394
008500 0.088 0.519 0.000 0.392
009000 0.088 0.520 0.000 0.392
009500 0.088 0.520 0.000 0.391
010000 0.088 0.520 0.000 0.391
