000000 0.250 0.250 0.250 0.250
000500 0.086 0.471 0.000 0.443
001000 0.086 0.472 0.000 0.442
001500 0.086 0.476 0.000 0.438
002000 0.086 0.474 0.000 0.439
002500 0.086 0.478 0.000 0.436
003000 0.086 0.477 0.000 0.436
003500 0.086 0.478 0.000 0.435
004000 0.086 0.479 0.000 0.435
004500 0.086 0.479 0.000 0.435
005000 0.086 0.479 0.000 0.435
005500 0.086 0.478 0.000 0.436
006000 0.086 0.480 0.000 0.433
006500 0.086 0.482 0.000 0.431
007000 0.086 0.482 0.000 0.431
007500 0.086 0.482 0.000 0.432
008000 0.086 0.484 0.000 0.430
008500 0.086 0.484 0.000 0.430
009000 0.086 0.486 0.000 0.428
009500 0.086 0.485 0.000 0.428
010000 0.086 0.487 0.000 0.427
