000000 0.250 0.250 0.250 0.250
000500 0.066 0.501 0.000 0.434
001000 0.066 0.500 0.000 0.434
001500 0.066 0.501 0.000 0.433
002000 0.066 0.503 0.000 0.431
002500 0.066 0.503 0.000 0.431
003000 0.066 0.504 0.000 0.430
003500 0.066 0.506 0.000 0.428
004000 0.066 0.507 0.000 0.427
004500 0.066 0.508 0.000 0.426
005000 0.066 0.509 0.000 0.426
005500 0.066 0.510 0.000 0.424
006000 0.066 0.511 0.000 0.423
006500 0.066 0.513 0.000 0.422
007000 0.066 0.513 0.000 0.422
007500 0.066 0.512 0.000 0.422
008000 0.066 0.513 0.000 0.421
008500 0.066 0.515 0.000 0.419
009000 0.066 0.516 0.000 0.418
009500 0.066 0.517 0.000 0.417
010000 0.066 0.519 0.000 0.415
