000000 0.250 0.250 0.250 0.250
000500 0.407 0.272 0.000 0.321
001000 0.404 0.277 0.000 0.320
001500 0.396 0.286 0.000 0.318
002000 0.395 0.288 0.000 0.317
002500 0.394 0.289 0.000 0.316
003000 0.394 0.290 0.000 0.316
003500 0.393 0.292 0.000 0.314
004000 0.393 0.293 0.000 0.313
004500 0.392 0.295 0.000 0.312
005000 0.392 0.296 0.000 0.311
005500 0.394 0.295 0.000 0.311
006000 0.396 0.293 0.000 0.311
006500 0.396 0.294 0.000 0.310
007000 0.396 0.294 0.000 0.310
007500 0.396 0.294 0.000 0.310
008000 0.393 0.297 0.000 0.310
008500 0.394 0.296 0.000 0.310
009000 0.394 0.297 0.000 0.309
009500 0.392 0.298 0.000 0.309
010000 0.394 0.296 0.000 0.310
