000000 0.250 0.250 0.250 0.250
000500 0.084 0.490 0.000 0.426
001000 0.083 0.495 0.000 0.422
001500 0.083 0.497 0.000 0.420
002000 0.083 0.499 0.000 0.418
002500 0.083 0.500 0.000 0.417
003000 0.083 0.500 0.000 0.416
003500 0.083 0.502 0.000 0.415
004000 0.083 0.504 0.000 0.413
004500 0.083 0.506 0.000 0.411
005000 0.083 0.507 0.000 0.410
005500 0.083 0.508 0.000 0.409
006000 0.083 0.510 0.000 0.407
006500 0.083 0.511 0.000 0.405
007000 0.083 0.514 0.000 0.403
007500 0.083 0.514 0.000 0.402
008000 0.083 0.517 0.000 0.400
008500 0.083 0.516 0.000 0.401
009000 0.083 0.517 0.000 0.399
009500 0.083 0.518 0.000 0.399
010000 0.083 0.518 0.000 0.399
