000000 0.250 0.250 0.250 0.250
000500 0.149 0.356 0.019 0.475
001000 0.067 0.448 0.001 0.483
001500 0.057 0.482 0.000 0.461
002000 0.053 0.500 0.000 0.447
002500 0.049 0.514 0.000 0.437
003000 0.048 0.526 0.000 0.426
003500 0.050 0.538 0.000 0.411
004000 0.048 0.548 0.000 0.403
004500 0.049 0.556 0.000 0.395
005000 0.050 0.567 0.000 0.383
005500 0.049 0.577 0.000 0.374
006000 0.047 0.584 0.000 0.369
006500 0.049 0.588 0.000 0.363
007000 0.046 0.599 0.000 0.355
007500 0.045 0.607 0.000 0.349
008000 0.044 0.611 0.000 0.345
008500 0.043 0.618 0.000 0.339
009000 0.044 0.627 0.000 0.329
009500 0.039 0.638 0.000 0.323
010000 0.039 0.642 0.000 0.319
