000000 0.250 0.250 0.250 0.250
000500 0.028 0.561 0.000 0.410
001000 0.028 0.562 0.000 0.409
001500 0.028 0.563 0.000 0.408
002000 0.028 0.568 0.000 0.404
002500 0.028 0.569 0.000 0.403
003000 0.028 0.570 0.000 0.401
003500 0.028 0.576 0.000 0.396
004000 0.028 0.577 0.000 0.394
004500 0.028 0.580 0.000 0.392
005000 0.028 0.582 0.000 0.389
005500 0.028 0.584 0.000 0.388
006000 0.028 0.586 0.000 0.386
006500 0.028 0.587 0.000 0.385
007000 0.028 0.589 0.000 0.383
007500 0.028 0.590 0.000 0.381
008000 0.028 0.591 0.000 0.381
008500 0.028 0.593 0.000 0.379
009000 0.028 0.594 0.000 0.378
009500 0.028 0.597 0.000 0.375
010000 0.028 0.597 0.000 0.375
