000000 0.250 0.250 0.250 0.250
000500 0.006 0.801 0.000 0.194
001000 0.005 0.820 0.000 0.175
001500 0.005 0.824 0.000 0.170
002000 0.005 0.828 0.000 0.167
002500 0.005 0.832 0.000 0.163
003000 0.005 0.838 0.000 0.157
003500 0.005 0.842 0.000 0.153
004000 0.005 0.845 0.000 0.150
004500 0.005 0.847 0.000 0.148
005000 0.005 0.850 0.000 0.145
005500 0.005 0.854 0.000 0.141
006000 0.005 0.858 0.000 0.137
006500 0.005 0.861 0.000 0.134
007000 0.005 0.863 0.000 0.132
007500 0.005 0.866 0.000 0.128
008000 0.005 0.867 0.000 0.128
008500 0.005 0.869 0.000 0.126
009000 0.005 0.870 0.000 0.125
009500 0.005 0.873 0.000 0.122
010000 0.005 0.874 0.000 0.120
