000000 0.250 0.250 0.250 0.250
000500 0.019 0.702 0.000 0.279
001000 0.015 0.733 0.000 0.252
001500 0.014 0.746 0.000 0.241
002000 0.013 0.755 0.000 0.233
002500 0.012 0.759 0.000 0.229
003000 0.012 0.764 0.000 0.224
003500 0.011 0.769 0.000 0.220
004000 0.011 0.776 0.000 0.213
004500 0.012 0.780 0.000 0.209
005000 0.011 0.786 0.000 0.203
005500 0.012 0.793 0.000 0.196
006000 0.011 0.796 0.000 0.192
006500 0.012 0.803 0.000 0.186
007000 0.011 0.809 0.000 0.180
007500 0.011 0.812 0.000 0.177
008000 0.011 0.815 0.000 0.174
008500 0.011 0.821 0.000 0.168
009000 0.011 0.822 0.000 0.167
009500 0.011 0.825 0.000 0.165
010000 0.011 0.826 0.000 0.163
