000000 0.250 0.250 0.250 0.250
000500 0.151 0.417 0.000 0.433
001000 0.151 0.420 0.000 0.430
001500 0.151 0.421 0.000 0.428
002000 0.151 0.422 0.000 0.427
002500 0.151 0.424 0.000 0.425
003000 0.151 0.425 0.000 0.424
003500 0.151 0.426 0.000 0.424
004000 0.151 0.426 0.000 0.424
004500 0.151 0.428 0.000 0.422
005000 0.151 0.427 0.000 0.422
005500 0.151 0.427 0.000 0.422
006000 0.151 0.428 0.000 0.421
006500 0.151 0.429 0.000 0.420
007000 0.151 0.429 0.000 0.420
007500 0.151 0.430 0.000 0.419
008000 0.151 0.429 0.000 0.420
008500 0.151 0.430 0.000 0.420
009000 0.151 0.429 0.000 0.420
009500 0.151 0.430 0.000 0.419
010000 0.151 0.431 0.000 0.419
