000000 0.250 0.250 0.250 0.250
000500 0.072 0.417 0.062 0.449
001000 0.068 0.411 0.062 0.460
001500 0.066 0.376 0.075 0.483
002000 0.065 0.396 0.060 0.479
002500 0.066 0.387 0.064 0.483
003000 0.064 0.346 0.060 0.530
003500 0.069 0.333 0.062 0.536
004000 0.064 0.302 0.066 0.568
004500 0.061 0.287 0.065 0.586
005000 0.067 0.273 0.063 0.597
005500 0.069 0.339 0.061 0.531
006000 0.065 0.386 0.060 0.489
006500 0.067 0.392 0.060 0.482
007000 0.063 0.379 0.064 0.495
007500 0.069 0.401 0.065 0.465
008000 0.071 0.399 0.058 0.472
008500 0.060 0.338 0.068 0.534
009000 0.060 0.358 0.064 0.517
009500 0.067 0.376 0.058 0.500
010000 0.075 0.282 0.059 0.583
