000000 0.250 0.250 0.250 0.250
000500 0.377 0.114 0.421 0.088
001000 0.343 0.163 0.378 0.116
001500 0.338 0.207 0.366 0.089
002000 0.385 0.181 0.334 0.101
002500 0.368 0.209 0.331 0.093
003000 0.360 0.195 0.349 0.096
003500 0.340 0.214 0.363 0.082
004000 0.398 0.176 0.327 0.098
004500 0.397 0.191 0.312 0.100
005000 0.398 0.212 0.304 0.087
005500 0.363 0.213 0.350 0.075
006000 0.336 0.223 0.377 0.064
006500 0.381 0.222 0.312 0.086
007000 0.378 0.237 0.323 0.062
007500 0.410 0.238 0.296 0.056
008000 0.414 0.264 0.277 0.044
008500 0.424 0.248 0.281 0.047
009000 0.418 0.243 0.290 0.049
009500 0.386 0.272 0.297 0.045
010000 0.356 0.267 0.343 0.035
