000000 0.250 0.250 0.250 0.250
000500 0.180 0.371 0.117 0.332
001000 0.200 0.423 0.104 0.273
001500 0.198 0.456 0.096 0.250
002000 0.209 0.431 0.082 0.279
002500 0.213 0.454 0.081 0.251
003000 0.205 0.446 0.091 0.258
003500 0.202 0.457 0.087 0.254
004000 0.202 0.468 0.093 0.237
004500 0.195 0.476 0.094 0.235
005000 0.205 0.466 0.087 0.241
005500 0.193 0.446 0.104 0.257
006000 0.199 0.442 0.102 0.257
006500 0.220 0.416 0.080 0.284
007000 0.226 0.405 0.077 0.292
007500 0.225 0.402 0.067 0.307
008000 0.231 0.403 0.064 0.302
008500 0.235 0.429 0.058 0.278
009000 0.239 0.414 0.051 0.296
009500 0.246 0.421 0.043 0.289
010000 0.253 0.438 0.037 0.272
